"Player"|"Pos"|"Age"|"Tm"|"G"|"MP"|"PER"|"TS_perc"|"X3PAr"|"FTr"|"ORB_perc"|"DRB_perc"|"TRB_perc"|"AST_perc"|"STL_perc"|"BLK_perc"|"TOV_perc"|"USG_perc"|"OWS"|"DWS"|"WS"|"WS_48"|"OBPM"|"DBPM"|"BPM"|"VORP"
"Arron Afflalo"|"SG"|29|"TOT"|78|2502|10.7|0.533|0.377|0.224|1.1|9.7|5.3|8.2|0.8|0.2|10.7|19|1.6|1|2.6|0.05|-0.5|-1.3|-1.8|0.1
"Lou Amundson"|"PF"|32|"TOT"|53|937|11.8|0.442|0.004|0.341|11.3|22|16.5|12.2|1.2|4.6|17.5|17.4|-0.6|0.9|0.3|0.017|-4|2|-2|0
"D.J. Augustin"|"PG"|27|"TOT"|82|1964|13.9|0.527|0.38|0.317|1.1|7.9|4.4|28.2|1.3|0.1|16.4|19.8|2.5|0.9|3.4|0.083|0.2|-2.7|-2.5|-0.3
"Will Barton"|"SG"|24|"TOT"|58|983|13.6|0.503|0.241|0.266|2.8|15.3|8.9|13|2.5|1.5|13.4|20.2|0.2|1.1|1.3|0.063|-1.7|1.1|-0.6|0.3
"Tarik Black"|"C"|23|"TOT"|63|1196|14.7|0.583|0.004|0.432|12.8|21.4|17|5.6|0.8|1.6|12.9|13.8|2.2|0.9|3.1|0.124|-1|-0.6|-1.6|0.1
"Corey Brewer"|"SF"|28|"TOT"|80|2087|13.9|0.507|0.292|0.281|4.2|11.7|7.9|13.8|2.7|0.7|12.7|21.6|1|2.1|3.1|0.071|-0.8|-0.3|-1.1|0.5
"Reggie Bullock"|"SF"|23|"TOT"|36|338|6.2|0.466|0.657|0.129|0.3|16|8.3|3.2|1.5|0.9|9.8|10.9|-0.2|0.3|0.1|0.019|-3.6|-0.4|-4|-0.2
"Isaiah Canaan"|"PG"|23|"TOT"|47|938|12.4|0.534|0.651|0.159|2.1|8.3|5.1|18.7|1.5|0.3|13.3|21.6|0.8|0.7|1.4|0.072|0.7|-2.9|-2.2|-0.1
"Michael Carter-Williams"|"PG"|23|"TOT"|66|2149|14.1|0.461|0.166|0.317|3.2|15.3|9|37.3|2.6|1.1|19.5|26.7|-2.1|2.9|0.8|0.017|-1.6|0.9|-0.7|0.7
"Ian Clark"|"SG"|23|"TOT"|30|192|8.8|0.483|0.545|0.164|2.4|7.1|4.8|9.7|2.4|1.2|13.2|16|0|0.2|0.2|0.05|-2|-0.8|-2.8|0
"Norris Cole"|"PG"|26|"TOT"|75|1831|10.9|0.483|0.315|0.145|0.9|9.3|5.1|22.2|1.6|0.7|14.3|17.5|0.4|1|1.4|0.036|-1.5|-1.5|-3|-0.5
"Jae Crowder"|"SF"|24|"TOT"|82|1647|13.9|0.517|0.382|0.259|4.7|14.9|9.7|8.6|2.2|1.2|7.5|17.5|1.9|2|3.9|0.113|-0.1|0.6|0.6|1.1
"Troy Daniels"|"SG"|23|"TOT"|47|397|9.6|0.515|0.715|0.079|2.2|7.2|4.7|9.2|0.8|0.2|10.5|21.3|0.1|0.1|0.2|0.022|-0.3|-4.6|-4.9|-0.3
"Luigi Datome"|"SF"|27|"TOT"|21|209|15.1|0.587|0.449|0.011|1.5|13.9|7.6|7.6|0.5|2.6|9.1|20.7|0.2|0.2|0.4|0.095|-0.3|-1.8|-2.1|0
"Brandon Davies"|"PF"|23|"TOT"|27|423|10.5|0.463|0.248|0.27|9.4|12.1|10.7|12.4|2.1|1.3|15.9|18.9|-0.2|0.4|0.2|0.028|-3.1|-0.1|-3.2|-0.1
"Austin Daye"|"SF"|26|"TOT"|34|344|8.2|0.449|0.504|0.043|3.4|21|12.4|7.5|1.8|1.1|13.8|22.1|-0.6|0.5|0|-0.001|-4.4|-1|-5.4|-0.3
"Goran Dragic"|"SG-PG"|28|"TOT"|78|2640|17.4|0.577|0.258|0.234|3.5|8.2|5.9|22.8|1.5|0.5|13.5|21.8|5.4|1.4|6.8|0.123|2.5|-1.4|1.1|2.1
"Zoran Dragic"|"SG"|25|"TOT"|16|75|8.2|0.435|0.467|0.167|7.8|4.6|6.2|11.2|1.4|0|13.4|22.9|-0.1|0|-0.1|-0.042|-2.5|-4|-6.5|-0.1
"Tyler Ennis"|"PG"|20|"TOT"|33|411|7.3|0.411|0.299|0.049|1.9|7.7|4.8|27.3|2.2|1|22.2|20.6|-0.8|0.5|-0.3|-0.04|-5.2|-1.5|-6.7|-0.5
"Tim Frazier"|"PG"|24|"TOT"|11|239|8.1|0.406|0.279|0.344|2.6|10.2|6.3|39.4|1.7|0|26.2|17.5|-0.3|0.2|-0.1|-0.017|-4.9|-2.4|-7.3|-0.3
"Kevin Garnett"|"PF"|38|"TOT"|47|952|15.2|0.496|0.023|0.147|5.7|31.1|18.3|13.1|2.5|1.4|12.4|17.8|0.4|1.5|1.9|0.096|-2.6|2.4|-0.2|0.4
"Alonzo Gee"|"SF"|27|"TOT"|54|662|13|0.548|0.188|0.414|5.9|9.5|7.7|5.8|2.7|0.8|13|16.7|0.6|0.6|1.2|0.086|-1.3|0.3|-1|0.2
"JaMychal Green"|"PF"|24|"TOT"|24|164|14.9|0.603|0.128|0.213|13.3|18|15.7|4|1.6|2.4|21.4|18.3|0.1|0.3|0.4|0.119|-2|-0.1|-2.1|0
"Jeff Green"|"SF"|28|"TOT"|78|2454|14.4|0.534|0.302|0.297|2.9|12.1|7.5|8.8|1.1|1.1|9|21.9|2.7|2.4|5.2|0.101|0.1|-0.8|-0.7|0.8
"Jorge Gutierrez"|"PG"|26|"TOT"|20|175|11|0.567|0.073|0.317|3.3|12.9|8.1|19.6|1.8|0|20.4|15.2|0.1|0.2|0.3|0.088|-2.5|-0.6|-3.1|0
"Justin Hamilton"|"C"|24|"TOT"|41|712|14.6|0.551|0.174|0.264|9.3|12.7|11|8.1|2|3.4|11.6|14.2|1|0.5|1.5|0.102|-0.1|0.9|0.7|0.5
"Reggie Jackson"|"PG"|24|"TOT"|77|2268|17.2|0.511|0.242|0.219|2.6|12.9|7.8|34.8|1.4|0.3|14.6|24.6|3.3|1.7|4.9|0.104|1.9|-1.2|0.8|1.6
"Jonas Jerebko"|"PF"|27|"TOT"|75|1230|15|0.549|0.369|0.174|8|17.2|12.5|9|1.9|1.1|9.7|16.2|2|1.4|3.5|0.135|0.5|0.4|0.9|0.9
"Grant Jerrett"|"PF"|21|"TOT"|8|51|1.5|0.303|0.577|0.038|4.4|15.2|9.9|9.6|2.1|3.1|10.2|25.4|-0.2|0.1|-0.1|-0.128|-6.8|-1.5|-8.4|-0.1
"Chris Johnson"|"SF"|24|"TOT"|29|526|10.2|0.515|0.617|0.104|1.7|10.2|5.9|4.6|2.6|1.1|8.5|15|0.2|0.6|0.8|0.074|-1.6|-0.6|-2.2|0
"Enes Kanter"|"C"|22|"TOT"|75|2135|20.3|0.564|0.048|0.252|14.6|20.5|17.6|4.8|0.9|1.1|12.3|24.7|4.3|2.1|6.4|0.145|0.2|-2.3|-2.1|-0.1
"Brandon Knight"|"PG-SG"|23|"TOT"|63|2035|17.1|0.543|0.361|0.251|1.6|12|6.8|27.4|2.3|0.4|16.1|25.9|2|2.5|4.5|0.106|1.7|-0.7|1.1|1.6
"Ricky Ledo"|"SG"|22|"TOT"|17|244|6.3|0.426|0.281|0.229|7.4|9.7|8.5|13|1.3|0.3|19.7|24.8|-0.6|0|-0.6|-0.112|-4.9|-3|-7.9|-0.4
"K.J. McDaniels"|"SG"|21|"TOT"|62|1352|10.6|0.494|0.346|0.306|5|11.4|8|9.3|1.6|4.2|17.6|19.3|-0.9|1.5|0.6|0.02|-3.8|1.1|-2.7|-0.2
"JaVale McGee"|"C"|27|"TOT"|23|256|14.4|0.567|0|0.418|7.3|18.9|12.9|2|0.4|6.1|16.1|18.9|0.1|0.3|0.4|0.071|-5.3|-0.3|-5.6|-0.2
"Andre Miller"|"PG"|38|"TOT"|81|1253|13.3|0.548|0.117|0.266|3.4|10.2|6.9|34.5|1.3|0.4|24.3|15.3|1.4|0.8|2.2|0.084|-1.2|-1.8|-3|-0.3
"Quincy Miller"|"PF"|22|"TOT"|10|119|7.4|0.338|0.474|0.289|3.7|14.9|9.4|9.8|3|3.3|10.5|17.8|-0.2|0.2|-0.1|-0.03|-5|1.3|-3.7|-0.1
"Timofey Mozgov"|"C"|28|"TOT"|81|2045|16.6|0.594|0.011|0.382|11|21.4|16.1|4.3|0.8|3.7|14.9|16.9|3.5|2.2|5.7|0.133|-1.2|0.8|-0.4|0.8
"Toure Murry"|"SG-PG"|25|"TOT"|5|18|1.1|0.51|0|0.4|6.4|0|3.1|8.3|2.8|0|40.5|24.9|-0.1|0|-0.1|-0.171|-10|-1.2|-11.2|0
"Gary Neal"|"SG"|30|"TOT"|54|1193|11.1|0.483|0.326|0.268|1.3|11|6|14.5|1|0.1|10.4|23.8|-0.2|0.8|0.6|0.023|-1.7|-2.6|-4.3|-0.7
"Jameer Nelson"|"PG"|32|"TOT"|63|1407|12.1|0.503|0.512|0.071|2.5|8.9|5.7|27.8|1.7|0.3|17.3|19.5|0.6|0.8|1.4|0.047|0.6|-1.6|-1|0.4
"Steve Novak"|"SF-PF"|31|"TOT"|35|197|8.6|0.554|0.857|0.036|1.1|11.4|6.3|8.6|0|0.8|8.1|14.1|0.2|0.1|0.3|0.075|-0.2|-3.2|-3.4|-0.1
"Adreian Payne"|"PF"|23|"TOT"|32|739|7.7|0.443|0.041|0.209|7.2|18.2|12.5|6.4|1.3|1|15.5|17|-0.7|0.2|-0.5|-0.033|-4.6|-1.3|-5.9|-0.7
"Kendrick Perkins"|"C"|30|"TOT"|68|1148|7|0.467|0.004|0.366|8.7|21.2|15.1|6.3|0.7|2.9|26.5|13.6|-1.2|1.3|0.1|0.006|-5.5|1.3|-4.2|-0.6
"Miles Plumlee"|"C"|26|"TOT"|73|1194|13.4|0.536|0|0.181|10.3|19.3|14.8|4.2|1.7|4.3|15.7|12|0.9|1.7|2.6|0.103|-2.8|2.5|-0.2|0.5
"Quincy Pondexter"|"SF-SG"|26|"TOT"|75|1793|9.9|0.55|0.546|0.215|3.4|9|6.2|7.7|0.6|1|9.4|13.8|2.1|0.8|2.9|0.078|0.5|-1.1|-0.7|0.6
"Dwight Powell"|"PF"|23|"TOT"|29|236|13.8|0.552|0.164|0.493|8.3|14.9|11.6|5.5|1.9|2.1|11.9|17.5|0.3|0.3|0.6|0.122|-1|0.1|-0.9|0.1
"A.J. Price"|"PG"|28|"TOT"|26|324|12|0.451|0.416|0.175|2.1|8.9|5.6|23.5|1.1|0|8.7|22.5|0|0.2|0.3|0.041|-0.7|-3.1|-3.7|-0.1
"Pablo Prigioni"|"PG"|37|"TOT"|67|1197|12.2|0.557|0.728|0.18|2.8|8.6|5.7|21.5|3.4|0.1|20.1|11.6|1.3|1|2.3|0.092|0|-0.5|-0.5|0.5
"Tayshaun Prince"|"SF"|34|"TOT"|58|1397|12|0.504|0.167|0.162|4.1|12.8|8.3|10.3|1.1|0.9|7.5|15|1.3|1.2|2.5|0.086|-1.5|0.1|-1.3|0.2
"Shavlik Randolph"|"PF"|31|"TOT"|21|126|7.2|0.298|0.143|0.343|13.8|19.3|16.5|4.4|2|1.8|6.9|15.1|-0.2|0.2|0|-0.004|-5.8|0|-5.8|-0.1
"Austin Rivers"|"PG-SG"|22|"TOT"|76|1563|10.3|0.481|0.264|0.254|2|8.9|5.5|14.7|1.6|0.7|10.5|17.9|0.5|1|1.5|0.046|-1.7|-1.2|-2.9|-0.4
"Nate Robinson"|"PG"|30|"TOT"|42|591|10.6|0.432|0.439|0.18|3.1|6.2|4.6|25.7|1.7|0.4|9.8|22.5|0|0.2|0.3|0.021|-0.4|-2.8|-3.3|-0.2
"Thomas Robinson"|"PF"|23|"TOT"|54|798|15.3|0.502|0.008|0.408|12.6|28.6|20.5|7.6|2|1.9|16.1|20.2|0|1.4|1.5|0.089|-3.8|1.1|-2.7|-0.1
"Glenn Robinson III"|"SG-SF"|21|"TOT"|35|261|8.5|0.471|0.284|0.358|6.1|10.6|8.3|7|1.2|0.3|12.4|14.9|0|0.1|0.1|0.012|-3.9|-2.4|-6.3|-0.3
"Rajon Rondo"|"PG"|28|"TOT"|68|2018|13.5|0.448|0.133|0.121|3.9|16.4|10.1|39.3|2.3|0.3|23.6|19.5|-0.7|2.3|1.6|0.037|-1.6|1.1|-0.5|0.8
"Ramon Sessions"|"PG"|28|"TOT"|64|1188|11.1|0.49|0.18|0.518|2.3|11.2|6.9|23|1.2|0|17.3|18.7|0.4|0.7|1.1|0.044|-2.3|-1.6|-3.9|-0.6
"Iman Shumpert"|"SG"|24|"TOT"|62|1545|11.4|0.497|0.416|0.136|4.1|12.6|8.3|14.2|2.7|0.8|15.4|17.4|0.1|1.4|1.5|0.047|-0.7|0.3|-0.4|0.6
"Alexey Shved"|"SG"|26|"TOT"|42|767|19.5|0.541|0.415|0.448|3.3|11.7|7.3|25.7|2|0.6|10.7|26.3|1.7|0.5|2.2|0.135|3|-2.6|0.5|0.5
"Kyle Singler"|"SF"|26|"TOT"|80|1743|8.5|0.512|0.54|0.117|2|10.2|6|7.3|1.4|1|10.5|13.2|0.9|1.2|2|0.056|-1.3|-0.3|-1.6|0.2
"Ish Smith"|"PG"|26|"TOT"|55|832|12.3|0.431|0.163|0.155|1.9|11.4|6.5|40.7|2.2|0.6|16.6|24.6|-0.9|0.8|-0.1|-0.006|-2.4|-1.7|-4.1|-0.4
"J.R. Smith"|"SG"|29|"TOT"|70|2080|13.6|0.538|0.564|0.095|1.7|10.4|6|15.6|2.1|0.8|11|19.3|2.2|1.5|3.7|0.085|1.7|-1|0.7|1.4
"Josh Smith"|"PF"|29|"TOT"|83|2300|14.9|0.467|0.231|0.258|7.2|18.3|12.6|20.5|1.9|3.9|15.8|24.8|-1.1|3.4|2.3|0.048|-1.7|2.6|1|1.7
"Russ Smith"|"PG"|23|"TOT"|12|65|5.2|0.488|0.44|0.52|1.8|8.7|5.3|19.4|2.4|0|28.1|30.1|-0.2|0.1|-0.1|-0.094|-5.6|-2.5|-8|-0.1
"Amare Stoudemire"|"PF"|32|"TOT"|59|1245|20.3|0.595|0.008|0.38|9.9|20.5|15.1|6.8|1.2|2.5|12|23.8|2.6|1|3.6|0.138|-0.2|-1.3|-1.4|0.2
"Isaiah Thomas"|"PG"|25|"TOT"|67|1726|20.6|0.579|0.434|0.437|2.1|7.7|4.9|27.2|1.6|0.2|13.1|27.8|5|1.1|6.1|0.169|4.6|-2.8|1.8|1.6
"Lance Thomas"|"PF-SF"|26|"TOT"|62|1490|8|0.456|0.05|0.224|4.8|9.9|7.3|7.4|1.3|0.4|13.2|17|-0.9|0.4|-0.4|-0.014|-4.1|-1.6|-5.7|-1.4
"Marcus Thornton"|"SG"|27|"TOT"|48|721|15|0.514|0.414|0.162|3.4|9.7|6.5|8.2|1.9|0.8|6.8|24.1|0.6|0.7|1.2|0.083|0.1|-2.4|-2.4|-0.1
"Anthony Tolliver"|"PF"|29|"TOT"|76|1432|11.1|0.569|0.738|0.176|3.7|14.5|9|6.3|0.9|0.9|10.8|14.7|1.8|0.9|2.7|0.092|0.5|-1.1|-0.6|0.5
"Dion Waiters"|"SG"|23|"TOT"|80|2208|10.9|0.46|0.26|0.182|2.1|7.4|4.8|11.9|2.1|0.8|10|22.5|-0.6|1.7|1.1|0.025|-2.1|-1.5|-3.6|-0.9
"Elliot Williams"|"SG"|25|"TOT"|13|119|8.7|0.477|0.486|0.108|0|7.7|3.8|15.5|1.8|0|9.4|16.4|0|0.1|0.1|0.039|-1.7|-2.9|-4.6|-0.1
"Mo Williams"|"PG"|32|"TOT"|68|1980|15.4|0.512|0.405|0.217|1.2|8.9|4.9|37.4|1.2|0.6|15.4|25.2|1.6|0.6|2.1|0.052|2.1|-3.5|-1.3|0.3
"Shawne Williams"|"SF"|28|"TOT"|63|1087|10.5|0.537|0.593|0.133|3.9|14|9|6.5|1.2|1.6|8.6|14.9|1.1|0.8|1.9|0.084|-0.2|-0.8|-1|0.3
"Nate Wolters"|"PG"|23|"TOT"|21|247|4.6|0.352|0.123|0.105|3.7|11.9|7.8|12.2|1.7|0.6|17.9|13.3|-0.4|0.2|-0.2|-0.036|-6.1|0|-6.1|-0.3
"Brandan Wright"|"PF"|27|"TOT"|75|1449|20.4|0.66|0.008|0.309|9.6|14.7|12.1|4.4|1.7|5.1|7.6|13.6|4.3|1.8|6.1|0.202|1.2|2.4|3.6|2
"Thaddeus Young"|"PF"|26|"TOT"|76|2434|15.7|0.507|0.119|0.207|5.8|13.5|9.6|12.4|2.6|0.8|10|21.5|1.6|1.4|3.1|0.061|0.2|-0.3|-0.1|1.2
"Quincy Acy"|"PF"|24|"NYK"|68|1287|11.9|0.533|0.181|0.293|6.9|20.5|13.5|8.7|1.1|1.4|13.8|15.5|1|0.7|1.7|0.063|-2.3|-0.8|-3.1|-0.3
"Jordan Adams"|"SG"|20|"MEM"|30|248|12.8|0.489|0.291|0.267|4.2|8.7|6.4|10.1|3.4|2.3|12.7|20.4|0|0.4|0.4|0.073|-1.8|1.2|-0.6|0.1
"Steven Adams"|"C"|21|"OKC"|70|1771|14.1|0.549|0.005|0.514|12.2|19.3|15.8|5.5|1.1|3.8|16.8|14.3|1.9|2.2|4.1|0.111|-1.4|1.8|0.4|1.1
"Jeff Adrien"|"PF"|28|"MIN"|17|215|14.2|0.494|0|0.864|11.9|29.6|20.5|10.5|0.9|3.3|12.9|14.3|0.2|0.2|0.4|0.087|-2.7|0.5|-2.2|0
"Alexis Ajinca"|"C"|26|"NOP"|68|957|19.9|0.595|0|0.301|12.4|25|18.7|8.2|1.2|4|15.6|21.1|1.9|1.2|3.2|0.159|-0.5|0.6|0.2|0.5
"Furkan Aldemir"|"PF"|23|"PHI"|41|540|12|0.517|0.064|0.346|14.9|20.7|17.7|8.3|1.6|2.4|15.9|8.6|0.7|0.7|1.4|0.122|-2.7|2|-0.7|0.2
"Cole Aldrich"|"C"|26|"NYK"|61|976|18.1|0.513|0|0.213|11.6|28.9|20|13.3|2|5.5|15.2|18.3|0.8|1.4|2.2|0.107|-2.2|3.1|0.9|0.7
"LaMarcus Aldridge"|"PF"|29|"POR"|71|2512|22.8|0.528|0.074|0.256|7.7|22.9|15.5|9.2|1|1.9|7.2|30.2|4.9|3.7|8.6|0.165|0.3|0|0.3|1.4
"Lavoy Allen"|"PF"|25|"IND"|63|1070|14.9|0.493|0|0.157|12.8|20.5|16.7|10.9|0.7|3.1|11.1|15.2|1.3|1.6|2.8|0.127|-1.4|2.2|0.8|0.8
"Tony Allen"|"SG"|33|"MEM"|63|1648|14.6|0.528|0.064|0.277|7.2|12.2|9.7|8.1|4.1|1.5|14.4|16.6|0.9|3.2|4.1|0.119|-0.4|3.7|3.3|2.2
"Al-Farouq Aminu"|"SF"|24|"DAL"|74|1366|14.4|0.504|0.347|0.331|9.1|18.4|13.7|6.1|2.6|3.7|11.9|15.2|1.2|2|3.3|0.115|-0.5|2.9|2.4|1.5
"Chris Andersen"|"C"|36|"MIA"|60|1132|16.1|0.622|0.063|0.551|8.2|23.2|15.9|6.1|1.2|4.6|13.5|12.3|2.1|1.5|3.6|0.151|-1.2|2.3|1|0.9
"Alan Anderson"|"SG"|32|"BRK"|74|1744|10.6|0.563|0.477|0.23|2|11.1|6.6|7.2|1.7|0.2|11|14.2|1.7|1.1|2.7|0.075|0|-0.5|-0.5|0.6
"Kyle Anderson"|"SF"|21|"SAS"|33|358|8.2|0.389|0.124|0.157|1.6|20.8|11.4|10.9|2.1|1.5|9.5|13.4|-0.3|0.6|0.3|0.044|-5.2|2.4|-2.7|-0.1
"Ryan Anderson"|"PF"|26|"NOP"|61|1675|15.6|0.524|0.492|0.207|7.3|12.7|10|5.4|1|0.9|7.2|23.4|2.6|0.9|3.5|0.1|2|-3.1|-1.1|0.4
"Giannis Antetokounmpo"|"SG"|20|"MIL"|81|2541|14.8|0.552|0.056|0.445|4.5|19.7|12.2|13.1|1.5|2.8|15.6|19.6|2.2|4|6.2|0.117|-1.7|2.1|0.5|1.6
"Carmelo Anthony"|"SF"|30|"NYK"|40|1428|21.5|0.531|0.222|0.294|5.7|16|10.7|18|1.5|1|8.9|32.2|2.2|0.6|2.9|0.097|3.5|-2.2|1.4|1.2
"Joel Anthony"|"C"|32|"DET"|49|406|14.7|0.607|0|0.355|8.2|17|12.4|1.8|1.5|9.5|14.3|9.1|0.5|0.7|1.2|0.142|-3.4|4.8|1.4|0.3
"Pero Antic"|"PF"|32|"ATL"|63|1037|9.5|0.508|0.584|0.416|6.6|14|10.4|6.9|0.9|1.1|12.3|17.6|0.5|1|1.5|0.07|-1.3|-1.4|-2.7|-0.2
"Trevor Ariza"|"SF"|29|"HOU"|82|2930|12.7|0.539|0.61|0.157|2.9|14.4|8.6|11.1|2.6|0.5|12.7|16.5|2.7|3.9|6.6|0.108|0.6|1.3|1.9|2.9
"Darrell Arthur"|"PF"|26|"DEN"|58|988|11.5|0.466|0.286|0.154|5.6|13.4|9.3|9.3|2.4|2.1|10.3|20|-0.1|0.9|0.9|0.042|-1.8|0.7|-1.1|0.2
"Omer Asik"|"C"|28|"NOP"|76|1982|15.5|0.545|0|0.546|14|28.8|21.4|5.4|0.8|2.1|15.7|14|2.8|2.2|5|0.12|-1.3|0.6|-0.7|0.6
"Jeff Ayres"|"PF"|27|"SAS"|51|383|14.4|0.618|0|0.379|11.2|23.3|17.3|5.5|1.1|1.6|19|16.3|0.6|0.6|1.2|0.147|-2.1|0.4|-1.7|0
"Luke Babbitt"|"SF"|25|"NOP"|63|830|11.1|0.639|0.599|0.099|1.6|13.5|7.6|4.3|1.1|1|11.5|12.4|1.1|0.5|1.6|0.092|0|-1.4|-1.4|0.1
"Cameron Bairstow"|"PF"|24|"CHI"|18|64|2.1|0.309|0|0.357|10.5|3.3|6.8|2.2|1.6|1.1|15.6|13.5|-0.1|0|-0.1|-0.048|-6.7|-1|-7.7|-0.1
"Leandro Barbosa"|"SG"|32|"GSW"|66|982|15.3|0.558|0.29|0.192|2.6|7.2|5|14.9|2|0.6|9.5|20.5|1.6|1.2|2.8|0.137|0.4|-1.2|-0.8|0.3
"J.J. Barea"|"PG"|30|"DAL"|77|1362|15.1|0.502|0.312|0.175|1.8|9|5.4|29.5|1.2|0.1|10.8|21.2|2.1|0.6|2.7|0.096|1|-2.5|-1.5|0.2
"Andrea Bargnani"|"C"|29|"NYK"|29|785|16.6|0.527|0.114|0.296|4.6|14.4|9.3|11.3|0.1|2.9|9.3|26.4|0.8|0.2|0.9|0.058|-1|-2.7|-3.7|-0.3
"Harrison Barnes"|"SF"|22|"GSW"|82|2318|13.4|0.573|0.328|0.229|5.6|15.1|10.5|6.9|1.3|0.6|9|14.9|3.7|3|6.7|0.139|0.5|0.6|1.1|1.8
"Matt Barnes"|"SF"|34|"LAC"|76|2271|11.3|0.574|0.603|0.152|2.6|12.2|7.5|7.2|1.5|1.8|11.6|14.9|2.2|2.1|4.3|0.091|0.9|0.7|1.6|2.1
"Earl Barron"|"C"|33|"PHO"|16|143|5|0.361|0.103|0.308|10.6|10.8|10.7|4.9|1.4|1.1|10.1|15.1|-0.1|0.1|0|-0.011|-5|-0.9|-5.9|-0.1
"Brandon Bass"|"PF"|29|"BOS"|82|1929|16.3|0.557|0.047|0.313|7.8|14.9|11.3|8.6|1.1|1.3|9.6|19.5|3.4|1.9|5.3|0.132|-0.4|-0.1|-0.5|0.7
"Nicolas Batum"|"SF"|26|"POR"|71|2380|13.1|0.516|0.515|0.163|2.8|15.6|9.4|20.5|1.7|1.2|17|14.6|2|3.2|5.2|0.105|0.6|2.6|3.1|3.1
"Jerryd Bayless"|"PG"|26|"MIL"|77|1717|11.1|0.519|0.233|0.266|1.5|12.5|7|21|1.8|0.6|18.8|18.6|0.3|2|2.4|0.066|-2.3|-0.3|-2.6|-0.3
"Aron Baynes"|"C"|28|"SAS"|70|1122|15.9|0.618|0.012|0.318|11.2|20.7|16.1|4.9|0.7|1.5|14.8|17.8|2.3|1.6|3.9|0.166|-0.7|-0.2|-1|0.3
"Kent Bazemore"|"SG"|25|"ATL"|75|1324|9.7|0.52|0.399|0.302|1.9|16.8|9.6|8.6|2|2.1|16.3|15.5|-0.4|1.9|1.6|0.057|-3.1|1.3|-1.8|0.1
"Bradley Beal"|"SG"|21|"WAS"|63|2107|14|0.521|0.304|0.195|3.1|9.6|6.4|15|1.8|0.7|11.7|22.5|1.3|2.4|3.7|0.085|0.5|-0.1|0.5|1.3
"Michael Beasley"|"SF"|26|"MIA"|24|505|10.6|0.474|0.16|0.123|2.9|17.9|10.6|11.5|1.6|2.2|14.2|24.2|-0.6|0.5|-0.1|-0.007|-4.3|-0.4|-4.7|-0.3
"Marco Belinelli"|"SG"|28|"SAS"|62|1388|12.4|0.553|0.489|0.211|2.2|10.5|6.4|10.3|1.1|0.2|10.6|18.8|1.5|1.4|2.9|0.1|0.6|-1.1|-0.5|0.5
"Jerrelle Benimon"|"PF"|23|"UTA"|2|3|4.7|NA|NA|NA|38.7|76.6|57.8|0|0|0|100|15.3|0|0|0|-0.215|-20.3|-6.6|-26.9|0
"Anthony Bennett"|"PF"|21|"MIN"|57|894|11.4|0.458|0.077|0.215|6.5|21.6|13.8|8.7|1.5|1.4|10|17.8|-0.1|0.4|0.3|0.017|-3.6|-1.2|-4.8|-0.6
"Patrick Beverley"|"PG"|26|"HOU"|56|1727|11.3|0.509|0.607|0.113|4.3|10.8|7.6|17.2|1.7|1|12.9|16.1|1.7|1.8|3.5|0.096|0.5|0.3|0.8|1.2
"Sim Bhullar"|"C"|22|"SAC"|3|3|44.3|0.5|0|0|0|36.5|18.9|78.5|0|26.3|0|29.4|0|0|0|0.389|9.4|17.1|26.6|0
"Bismack Biyombo"|"C"|22|"CHO"|64|1243|15.2|0.578|0|0.941|13.7|22.6|18|2|0.7|6.3|16.5|11.6|1.8|2.2|4|0.156|-3.2|2.8|-0.4|0.5
"DeJuan Blair"|"PF"|25|"WAS"|29|180|7.7|0.469|0|0.105|10.3|24.5|17.5|2.6|2|0.4|17.9|18.3|-0.2|0.3|0.1|0.033|-6.4|-1|-7.4|-0.2
"Steve Blake"|"PG"|34|"POR"|81|1529|9.5|0.507|0.67|0.125|1.1|8.3|4.8|26.2|1.4|0.2|23.2|13.2|0.7|1.4|2.1|0.066|-1.2|-0.9|-2.1|0
"Eric Bledsoe"|"PG"|25|"PHO"|81|2800|18.4|0.555|0.26|0.422|2.8|13.9|8.3|27.9|2.3|1.2|18.1|23.7|4.1|2.9|7|0.119|1.7|0.9|2.6|3.3
"Vander Blue"|"SG"|22|"LAL"|2|74|4|0.342|0.333|0.167|2.9|10.9|6.7|16.8|2.1|0|15.7|23|-0.3|0|-0.2|-0.156|-6|-2.5|-8.5|-0.1
"Bojan Bogdanovic"|"SF"|25|"BRK"|78|1854|11.6|0.562|0.444|0.184|3|9.8|6.4|5.8|0.9|0.4|11.1|17.2|1.7|0.7|2.4|0.062|0|-1.9|-1.8|0.1
"Andrew Bogut"|"C"|30|"GSW"|67|1583|15.8|0.565|0|0.118|9.9|26.5|18.5|15.4|1.2|5.3|22.1|13.2|1.9|3.4|5.2|0.159|-1.4|5.5|4.1|2.4
"Matt Bonner"|"PF"|34|"SAS"|72|935|10.1|0.536|0.548|0.161|3.6|10.2|7|7.1|0.5|1|4.3|12.5|1.3|0.9|2.1|0.11|-0.2|-0.7|-0.9|0.3
"Trevor Booker"|"PF"|27|"UTA"|79|1564|15.3|0.536|0.181|0.319|10.3|19|14.7|9|1.5|2.1|14.3|18.1|1.7|1.9|3.6|0.11|-0.6|0.7|0.2|0.9
"Carlos Boozer"|"PF"|33|"LAL"|71|1692|16.4|0.517|0|0.202|7|25.2|15.7|10.3|1.2|0.6|10.2|23.7|1.2|1|2.2|0.062|-1.8|-1.5|-3.3|-0.6
"Chris Bosh"|"C"|30|"MIA"|44|1556|19.8|0.548|0.226|0.311|3.6|20|12|12|1.4|1.4|10.1|28.4|2.1|1.5|3.6|0.111|1|-1|-0.1|0.8
"Avery Bradley"|"SG"|24|"BOS"|77|2428|11.5|0.507|0.348|0.099|2|8.9|5.4|8.9|1.7|0.5|9.4|21|0.4|2.1|2.5|0.049|-0.8|-0.9|-1.7|0.2
"Elton Brand"|"PF"|35|"ATL"|36|486|9.4|0.457|0.011|0.242|6.8|16.4|11.8|6.4|1.8|4.3|14.6|11.6|-0.1|0.8|0.7|0.07|-4.5|3.1|-1.4|0.1
"Aaron Brooks"|"PG"|30|"CHI"|82|1885|14.4|0.534|0.383|0.213|1.9|7.5|4.8|24.2|1.5|0.6|14.9|25|1.7|1.5|3.3|0.083|1|-2.4|-1.4|0.3
"Jabari Brown"|"SG"|22|"LAL"|19|568|11|0.547|0.365|0.5|0.6|6.7|3.5|11|1.1|0.3|13.4|18.8|0.4|0|0.4|0.033|-0.8|-3|-3.8|-0.3
"Lorenzo Brown"|"PG"|24|"MIN"|29|549|11|0.468|0.23|0.156|2.8|12|7.3|24.9|2.6|0.9|18.7|12.9|0.1|0.2|0.3|0.025|-1.9|-0.6|-2.6|-0.1
"Markel Brown"|"SG"|23|"BRK"|47|781|9.1|0.459|0.305|0.271|2.3|13|7.7|7.4|2.1|1.2|10.3|15.3|-0.2|0.7|0.5|0.031|-3|0.3|-2.7|-0.1
"Shannon Brown"|"SG"|29|"MIA"|5|89|4.4|0.482|0.368|0.211|0|1.3|0.7|5.2|2.4|0|16.2|13.1|-0.1|0|0|-0.016|-4.2|-1.9|-6.1|-0.1
"Kobe Bryant"|"SG"|36|"LAL"|35|1207|17.6|0.477|0.258|0.338|2.3|16.5|9.1|29.9|2|0.5|13.5|34.9|-0.4|0.6|0.2|0.006|1.6|-1.3|0.3|0.7
"Chase Budinger"|"SF"|26|"MIN"|67|1286|12.2|0.537|0.367|0.208|2.8|15.1|8.8|8|1.7|0.6|10.3|16.3|1.1|0.2|1.3|0.049|-0.9|-1.9|-2.8|-0.3
"Trey Burke"|"PG"|22|"UTA"|76|2288|12.6|0.455|0.388|0.144|1.6|8.7|5.2|25|1.5|0.5|10.4|23.9|0.8|1.6|2.4|0.05|0|-1.9|-1.9|0.1
"Alec Burks"|"SG"|23|"UTA"|27|899|13|0.524|0.227|0.43|2.5|12.1|7.3|15.2|1|0.4|12.7|20.8|1.1|0.6|1.7|0.089|-0.4|-1.1|-1.6|0.1
"Caron Butler"|"SF"|34|"DET"|78|1623|9.3|0.544|0.553|0.154|1.4|12.2|6.6|7.3|1.4|0.2|10.4|12.9|1.3|1|2.4|0.07|-1|-0.5|-1.5|0.2
"Jimmy Butler"|"SG"|25|"CHI"|65|2513|21.3|0.583|0.212|0.508|5.1|11.2|8.2|14.4|2.3|1|7.7|21.6|8.2|3|11.2|0.214|4.1|0.6|4.7|4.2
"Rasual Butler"|"SF"|35|"WAS"|75|1505|11.4|0.531|0.455|0.13|2.1|12.4|7.4|6.5|1|1.2|8.1|17.9|1|1.6|2.6|0.084|-0.8|-0.8|-1.7|0.1
"Dwight Buycks"|"PG"|25|"LAL"|6|123|13.1|0.586|0.275|0.25|1.7|9.3|5.4|18.4|1.2|0|21.3|20.4|0.1|0|0.1|0.027|-1.6|-3.3|-4.9|-0.1
"Will Bynum"|"SG"|32|"WAS"|7|67|4.8|0.336|0.29|0.129|3.4|6.6|5|42.2|0.8|1.2|19.6|27.6|-0.2|0.1|-0.2|-0.132|-5.8|-3.3|-9.1|-0.1
"Bruno Caboclo"|"SF"|19|"TOR"|8|23|-1.8|0.417|0.25|0|5|5|5|0|0|3.5|25|31.5|-0.1|0|-0.1|-0.275|-12.6|-6.3|-18.9|-0.1
"Nick Calathes"|"SG"|25|"MEM"|58|838|12.3|0.455|0.174|0.182|2.6|11.8|7.2|26.6|3.9|0.5|18.6|17.9|-0.4|1.5|1.1|0.065|-2.1|1.8|-0.3|0.4
"Jose Calderon"|"PG"|33|"NYK"|42|1270|11.3|0.519|0.401|0.09|1.7|9.8|5.6|25.6|1.3|0|16.9|16.1|0.8|0.1|0.9|0.033|-0.5|-2.6|-3.2|-0.4
"Kentavious Caldwell-Pope"|"SG"|21|"DET"|82|2587|11.2|0.501|0.457|0.163|1.9|9.1|5.4|6.8|1.9|0.5|8.3|19.5|1.1|1.8|2.8|0.052|-0.2|-0.9|-1|0.6
"Clint Capela"|"C"|20|"HOU"|12|90|12.1|0.409|0|0.793|12.3|31.8|22.1|3.6|0.6|7.8|11.3|21.3|-0.2|0.2|0|0.019|-8.8|1|-7.8|-0.1
"DeMarre Carroll"|"SF"|28|"ATL"|70|2189|15.9|0.603|0.466|0.277|5.3|13.8|9.7|8.3|2.2|0.7|9.3|16.9|4.3|2.8|7|0.154|2.4|0.5|2.9|2.7
"Vince Carter"|"SG"|38|"MEM"|66|1091|9.6|0.445|0.571|0.14|2.8|11.1|7|11.1|2.1|1.1|9.1|19.9|-0.5|1.4|1|0.043|-1.1|-0.3|-1.4|0.2
"Omri Casspi"|"SF"|26|"SAC"|67|1416|14.4|0.58|0.204|0.447|4.5|15.9|10.4|11.8|1.1|0.5|14.7|18.7|2|0.6|2.7|0.091|0|-1.3|-1.3|0.3
"Mario Chalmers"|"PG"|28|"MIA"|80|2368|11.7|0.521|0.374|0.401|1.2|9|5.2|21|2.7|0.4|18.2|18.9|0.8|2|2.8|0.056|-0.6|-0.4|-1|0.6
"Tyson Chandler"|"C"|32|"DAL"|75|2286|20.1|0.697|0|0.584|14.1|27.4|20.7|5.3|0.9|3.2|16|12.8|7.2|3.1|10.3|0.216|1.9|2.3|4.2|3.6
"Wilson Chandler"|"SF"|27|"DEN"|78|2471|13.2|0.523|0.416|0.146|4.1|17.2|10.4|8.9|1.2|0.9|9.6|20.1|2.1|1.5|3.6|0.071|0.5|-0.4|0.2|1.3
"Will Cherry"|"PG"|23|"CLE"|8|69|5.8|0.347|0.474|0.316|1.7|6.6|4.2|16.4|4.5|1.1|15.6|16.8|-0.1|0.1|0|-0.021|-4.4|0.7|-3.7|0
"Patrick Christopher"|"SG"|26|"UTA"|4|29|-2.6|0.25|0.333|0|8|15.9|12|0|1.8|0|7.7|20.6|-0.1|0|-0.1|-0.15|-10.6|-5.7|-16.3|-0.1
"Earl Clark"|"PF"|27|"BRK"|10|93|6.7|0.425|0.467|0.133|1.2|26.5|13.9|5|1.7|3.5|15.9|18.5|-0.2|0.1|-0.1|-0.037|-6.6|0.5|-6.1|-0.1
"Jordan Clarkson"|"PG"|22|"LAL"|59|1476|16.9|0.528|0.203|0.265|4|10.5|7.1|23.8|1.8|0.7|12.6|23|2|0.4|2.4|0.078|1.4|-1.7|-0.3|0.6
"Victor Claver"|"SF"|26|"POR"|10|76|9.2|0.6|0.55|0|4.3|23.5|14.1|1.9|0.7|0.9|16.7|14.1|0|0.1|0.1|0.086|-2.9|-1.3|-4.2|0
"Darren Collison"|"PG"|27|"SAC"|45|1565|17.5|0.575|0.293|0.335|1.4|8.7|5.2|27.2|2.2|0.7|15.1|20.9|3|0.8|3.8|0.116|2.8|-1.3|1.5|1.4
"Nick Collison"|"PF"|34|"OKC"|66|1101|11.2|0.485|0.237|0.257|8.9|15.3|12.2|11.6|1.6|1.8|13.8|12.8|1|1.2|2.2|0.097|-1.1|1.2|0.1|0.6
"Mike Conley"|"PG"|27|"MEM"|70|2225|18.6|0.558|0.314|0.282|1.5|9.2|5.4|28|2.1|0.5|13.6|23.7|4.2|2.7|6.8|0.147|3.2|-0.5|2.7|2.6
"Jack Cooley"|"PF"|23|"UTA"|16|87|11.4|0.432|0|0.955|13.3|19.8|16.6|1.8|3.7|2.8|8.8|18|0|0.2|0.2|0.092|-4.4|0.4|-4|0
"Chris Copeland"|"SF"|30|"IND"|50|828|7.4|0.468|0.539|0.145|3.1|11.7|7.4|9.9|0.7|1|15.2|21.3|-0.9|0.8|-0.1|-0.008|-2.8|-1.5|-4.3|-0.5
"Bryce Cotton"|"PG"|22|"UTA"|15|159|14.5|0.52|0.29|0.261|2.2|10.8|6.5|17|1.3|0|13.5|25.6|0.1|0.1|0.2|0.067|-1.2|-3.2|-4.4|-0.1
"DeMarcus Cousins"|"C"|24|"SAC"|59|2013|25.2|0.545|0.008|0.508|10.8|30.6|21.1|20.4|2.3|4|16.3|34.1|2.8|3.2|6|0.144|1.4|3.3|4.7|3.4
"Robert Covington"|"SF"|24|"PHI"|70|1956|14.7|0.554|0.59|0.287|3.4|14.6|8.8|9.8|2.5|1.3|13.1|21.8|1.6|2.3|4|0.097|0.6|-0.5|0.2|1.1
"Allen Crabbe"|"SG"|22|"POR"|51|683|8.7|0.525|0.556|0.105|1.1|10.1|5.7|8.1|1.4|1.6|8.6|11.5|0.5|0.8|1.3|0.088|-1.3|1|-0.3|0.3
"Jamal Crawford"|"SG"|34|"LAC"|64|1703|16.6|0.532|0.434|0.3|1.2|6.9|4.1|14.9|1.8|0.7|8.8|27.6|2.5|1.2|3.6|0.102|1.7|-2.7|-1|0.4
"Dante Cunningham"|"PF"|27|"NOP"|66|1652|8.9|0.473|0.029|0.139|4.8|12.8|8.8|4.4|1.5|1.7|8.9|10.9|0.5|1.2|1.6|0.047|-2.6|1|-1.6|0.2
"Jared Cunningham"|"SG"|23|"LAC"|19|89|7.3|0.452|0.394|0.394|1.3|9.9|5.7|16.4|1.7|0|15.3|23.2|-0.1|0.1|0|-0.023|-4|-2.7|-6.7|-0.1
"Seth Curry"|"PG"|24|"PHO"|2|8|-11.4|0|0.333|0|0|27.7|13.7|15.6|0|0|0|16.5|-0.1|0|0|-0.298|-14.3|-1.6|-15.9|0
"Stephen Curry"|"PG"|26|"GSW"|80|2613|28|0.638|0.482|0.251|2.4|11.4|7|38.6|3|0.5|14.3|28.9|11.5|4.1|15.7|0.288|9.6|0.3|9.9|7.9
"Samuel Dalembert"|"C"|33|"NYK"|32|544|11.8|0.461|0|0.154|10.9|25.1|17.8|8.6|1.4|6.3|21.9|15|-0.4|0.7|0.3|0.023|-5.2|3|-2.2|0
"Anthony Davis"|"PF"|21|"NOP"|68|2455|30.8|0.591|0.01|0.384|8|24.1|16.1|11.6|2.1|6.2|6.3|27.8|9.9|4.2|14|0.274|4.2|3|7.1|5.7
"Ed Davis"|"PF"|25|"LAL"|79|1840|20|0.594|0|0.403|13.3|23.1|18|8.3|1.4|4.3|9.5|14.8|4.6|1.6|6.3|0.164|1.1|1.9|3|2.3
"Glen Davis"|"PF"|29|"LAC"|74|904|10.8|0.495|0.016|0.373|5.5|15.4|10.5|6.3|2.3|1.9|11.6|16.7|0.2|1.1|1.4|0.072|-3.5|1|-2.5|-0.1
"Andre Dawkins"|"SG"|23|"MIA"|4|22|-5|0.25|1|0|0|10.7|5.5|6.6|0|0|14.3|15|-0.1|0|-0.1|-0.172|-7.5|-3.9|-11.5|-0.1
"Dewayne Dedmon"|"C"|25|"ORL"|59|845|13.3|0.568|0.006|0.395|15.5|24.1|19.7|1.6|1|4.8|21.1|13|0.7|1|1.7|0.099|-3.6|0.3|-3.3|-0.3
"Matthew Dellavedova"|"SG"|24|"CLE"|67|1380|8.5|0.493|0.544|0.124|3.1|7.3|5.2|21.1|0.9|0.1|15.9|12.6|1.4|0.5|1.9|0.067|-0.6|-2|-2.6|-0.2
"Luol Deng"|"SF"|29|"MIA"|72|2421|15.5|0.561|0.28|0.319|5.2|13.3|9.3|9.9|1.4|0.8|10.7|19.5|3.7|1.6|5.4|0.106|1.1|-0.6|0.5|1.5
"DeMar DeRozan"|"SG"|25|"TOR"|60|2100|17.4|0.51|0.089|0.438|2.3|12.9|7.6|17|1.8|0.4|10.4|28.4|2.6|1.4|4|0.09|-0.2|-1.4|-1.6|0.2
"Boris Diaw"|"PF"|32|"SAS"|81|1984|12.7|0.526|0.267|0.147|4.5|15.2|10|17.9|0.9|0.9|15.8|18.3|1.3|2.3|3.6|0.088|-0.6|0.7|0.1|1.1
"Gorgui Dieng"|"C"|25|"MIN"|73|2193|17.2|0.573|0.012|0.477|11.3|20.8|15.9|10.5|1.6|4.5|16.9|15|3.4|1.5|4.9|0.108|0.1|2.4|2.5|2.5
"Spencer Dinwiddie"|"PG"|21|"DET"|34|455|10.2|0.394|0.385|0.201|0.9|10.9|5.7|34.9|2.2|1|15.2|21.1|-0.3|0.4|0.1|0.009|-2.6|-1.5|-4.2|-0.2
"Joey Dorsey"|"PF"|31|"HOU"|69|854|11.1|0.507|0.007|0.572|13.3|22.7|18|4.4|2.3|2.3|18.4|11.3|0.4|1.5|1.9|0.108|-3.5|2.1|-1.4|0.1
"Toney Douglas"|"PG"|28|"NOP"|12|177|11.2|0.45|0.353|0.255|1.3|12.8|7.1|20|3.3|1.7|15|17.2|0|0.2|0.2|0.046|-2.1|0.8|-1.3|0
"Chris Douglas-Roberts"|"SG"|28|"LAC"|12|103|3.3|0.387|0.333|0.381|1.1|11.8|6.6|5|0.5|0|0|10.7|0|0.1|0|0.02|-4.4|-1.6|-6.1|-0.1
"Larry Drew"|"PG"|24|"PHI"|12|219|4.5|0.388|0.448|0.052|0.5|7.3|3.7|33.9|1.4|0|29.6|16.8|-0.5|0.1|-0.4|-0.087|-7.3|-4.1|-11.4|-0.5
"Andre Drummond"|"C"|21|"DET"|82|2502|21.4|0.504|0.002|0.38|18.3|30.1|24|3.9|1.5|4.8|9.7|22|3.4|4.3|7.7|0.147|-1.2|1.1|-0.2|1.2
"Jared Dudley"|"SG"|29|"MIL"|72|1717|12.3|0.572|0.454|0.158|3|11.6|7.3|11.5|2.1|0.5|12.1|13.5|2|2.1|4.1|0.116|0.1|0.5|0.6|1.1
"Tim Duncan"|"PF"|38|"SAS"|77|2227|22.6|0.56|0.009|0.38|8.8|26.7|17.9|16.8|1.4|5.1|12.1|22.2|4.9|4.7|9.6|0.207|0.8|4.7|5.5|4.2
"Mike Dunleavy"|"SF"|34|"CHI"|63|1838|11.6|0.573|0.547|0.181|1.7|12.7|7.3|9.7|1.1|0.8|10.4|14.2|2.4|1.7|4.1|0.108|0.6|-0.2|0.4|1.1
"Kevin Durant"|"SF"|26|"OKC"|27|913|27.6|0.633|0.34|0.366|1.9|18.7|10.4|22.2|1.3|2.2|12|29.1|3.8|1|4.8|0.252|6.3|-0.2|6.1|1.9
"Cleanthony Early"|"SF"|23|"NYK"|39|647|8.4|0.447|0.393|0.224|3.8|13.8|8.7|9.1|2|1.5|14.5|19.6|-0.8|0.4|-0.4|-0.03|-3.8|-1.3|-5.2|-0.5
"Wayne Ellington"|"SG"|27|"LAL"|65|1675|11.6|0.504|0.394|0.104|2|12.3|6.9|10.2|1|0.1|7.2|18.5|1.1|0.1|1.2|0.034|-0.4|-2.6|-3|-0.4
"Monta Ellis"|"SG"|29|"DAL"|80|2699|16.5|0.509|0.21|0.224|1.4|6.4|3.9|20.5|2.8|0.8|11.7|27.9|1.4|2.2|3.6|0.065|0.7|-0.7|-0.1|1.3
"James Ennis"|"SF"|24|"MIA"|62|1051|11.5|0.541|0.385|0.381|6|14|10.1|7.2|1.3|1.4|11.9|14.6|1.2|0.8|1.9|0.088|-0.9|-0.6|-1.5|0.1
"Jeremy Evans"|"SF"|27|"UTA"|38|266|20.5|0.636|0.086|0.5|11.3|19.4|15.4|7.9|2.2|3.6|6.6|13.1|0.9|0.4|1.3|0.241|1.5|2|3.5|0.4
"Reggie Evans"|"PF"|34|"SAC"|47|764|11.7|0.49|0.015|0.708|14.9|29|22.2|6.1|1.4|0.5|20|13|0.4|0.8|1.2|0.074|-2.7|0|-2.7|-0.1
"Tyreke Evans"|"SF"|25|"NOP"|79|2690|17.7|0.508|0.195|0.25|3.5|14.1|8.8|32.7|2|1|16|26.1|2.4|2.2|4.6|0.082|1.7|0.1|1.9|2.6
"Dante Exum"|"PG"|19|"UTA"|82|1817|5.7|0.457|0.635|0.077|1.7|6.6|4.2|16.6|1.2|0.6|21.5|13.8|-1.1|1|-0.1|-0.003|-2.6|-1.3|-3.8|-0.8
"Festus Ezeli"|"C"|25|"GSW"|46|504|16.2|0.58|0|0.561|13.3|19.7|16.6|2.5|0.7|6.2|15.6|17.7|0.8|0.9|1.7|0.159|-3|1.2|-1.8|0
"Kenneth Faried"|"PF"|25|"DEN"|75|2086|18.4|0.548|0.011|0.391|12.1|22.9|17.3|7.1|1.5|2.1|12|20.3|3.5|2.1|5.6|0.13|-0.2|0.9|0.8|1.4
"Jordan Farmar"|"PG"|28|"LAC"|36|529|9.9|0.513|0.614|0.07|1.7|7.1|4.5|18|1.9|0.8|16.4|16.6|0.2|0.4|0.6|0.053|-0.7|-1.3|-2|0
"Derrick Favors"|"PF"|23|"UTA"|74|2280|21.8|0.558|0.007|0.362|10|20.7|15.4|9.4|1.4|4.3|10.2|23.8|5|3.3|8.3|0.175|0.8|1.7|2.4|2.6
"Raymond Felton"|"PG"|30|"DAL"|29|281|12.4|0.48|0.321|0.142|0.8|9.4|5.1|21.9|2|1.2|13.8|20.7|0|0.2|0.2|0.039|-1.8|-1.3|-3|-0.1
"Landry Fields"|"SF"|26|"TOR"|26|216|10.8|0.527|0.049|0.146|5.3|8.5|6.9|10.1|2.6|0|15.5|10.8|0.2|0.1|0.3|0.072|-1.5|0.1|-1.5|0
"Evan Fournier"|"SG"|22|"ORL"|58|1661|12.4|0.546|0.391|0.256|1.9|8.7|5.2|11.5|1.2|0.1|11.4|19.7|1.5|0.6|2.1|0.059|0.2|-2.3|-2.1|-0.1
"Randy Foye"|"SG"|31|"DEN"|50|1087|11|0.51|0.654|0.137|0.9|7.8|4.2|17|1.6|0.8|12.3|19.3|0.6|0.4|1|0.045|0.7|-1.8|-1.1|0.2
"Jamaal Franklin"|"SG"|23|"DEN"|3|13|4.9|0.75|1|0|8|8.6|8.3|32.8|0|6|60|16.6|0|0|0|-0.063|-4.8|-0.3|-5.1|0
"Jimmer Fredette"|"PG"|25|"NOP"|50|509|9.8|0.479|0.289|0.271|1.8|7.1|4.5|17.2|1.5|0.3|15.1|19.6|0|0.2|0.2|0.021|-2.6|-2.9|-5.5|-0.4
"Joel Freeland"|"C"|27|"POR"|48|617|12.2|0.522|0|0.166|11|21.9|16.6|3.8|0.7|2.7|12.4|13.4|0.6|0.9|1.6|0.122|-3|1.2|-1.8|0
"Channing Frye"|"PF"|31|"ORL"|75|1870|9.5|0.546|0.71|0.072|1.6|16.4|8.9|7.4|1.3|1.7|13.4|14.1|0.7|1.4|2.1|0.053|-0.9|0|-0.9|0.5
"Danilo Gallinari"|"SF"|26|"DEN"|59|1426|16.8|0.563|0.53|0.336|2.3|14.7|8.3|9.4|1.6|1.1|8|21.5|3|1|3.9|0.132|2.3|-1.1|1.3|1.2
"Langston Galloway"|"PG"|23|"NYK"|45|1457|12.3|0.489|0.344|0.153|2.9|12.5|7.5|17.6|1.9|0.7|10.1|19.2|0.7|0.6|1.3|0.043|0|-1.1|-1.1|0.3
"Francisco Garcia"|"SF"|33|"HOU"|14|200|3.6|0.347|0.714|0.063|1.7|7.7|4.7|11|2.2|1.9|13.4|16.2|-0.4|0.2|-0.2|-0.044|-5|-0.2|-5.3|-0.2
"Marc Gasol"|"C"|30|"MEM"|81|2687|21.7|0.558|0.016|0.41|4.9|21.8|13.4|19.7|1.4|4|12.2|24.6|5.5|4.7|10.2|0.182|1.3|3.5|4.8|4.6
"Pau Gasol"|"PF"|34|"CHI"|78|2681|22.7|0.55|0.023|0.317|9.2|27.6|18.6|14.4|0.5|4|10.7|24.7|6|4.4|10.4|0.187|0.7|2.1|2.8|3.2
"Rudy Gay"|"SF"|28|"SAC"|68|2408|19.7|0.556|0.197|0.352|4.8|13.7|9.4|19|1.5|1.3|12.4|27|4.8|1.3|6.1|0.122|2.8|-0.7|2.1|2.5
"Paul George"|"SF"|24|"IND"|6|91|13|0.492|0.449|0.224|4.9|21.7|13.4|11.8|2.8|0.9|18.2|32.8|-0.2|0.2|0|-0.008|-2.7|-0.7|-3.3|0
"Taj Gibson"|"PF"|29|"CHI"|62|1692|16.1|0.545|0|0.364|10.7|14.6|12.7|6.9|1.1|3.2|11.6|17.6|2.7|2.1|4.8|0.137|-0.6|1.1|0.6|1.1
"Manu Ginobili"|"SG"|37|"SAS"|70|1587|16.2|0.544|0.438|0.346|2|12.8|7.5|28.6|2.2|0.9|18.5|23.9|1.4|2.3|3.7|0.111|1.4|0.3|1.7|1.5
"Rudy Gobert"|"C"|22|"UTA"|82|2158|21.6|0.627|0.005|0.639|14.3|27.2|20.7|8.2|1.6|7|16.9|14|5|4.3|9.3|0.206|0.7|5.1|5.8|4.3
"Drew Gooden"|"PF"|33|"WAS"|51|864|11.9|0.469|0.214|0.159|9.6|19.3|14.5|8.6|1.2|0.8|8.7|17|0.5|1.2|1.7|0.094|-1.8|0.2|-1.6|0.1
"Archie Goodwin"|"SG"|20|"PHO"|41|535|11.2|0.486|0.204|0.413|5.5|9.7|7.6|12.6|1.7|1.3|16.8|23.4|-0.2|0.4|0.2|0.014|-3.3|-1.2|-4.5|-0.3
"Aaron Gordon"|"PF"|19|"ORL"|47|797|11.4|0.517|0.231|0.293|6.4|17.8|12|6.3|1.3|2.2|13.9|15.5|0.3|0.7|1|0.06|-2.8|0|-2.8|-0.2
"Ben Gordon"|"SG"|31|"ORL"|56|790|10.6|0.538|0.329|0.227|0.8|8.3|4.5|10.3|0.9|0.1|14.5|21.8|0.1|0.2|0.3|0.015|-2.5|-3.6|-6.1|-0.8
"Drew Gordon"|"PF"|24|"PHI"|9|71|3.7|0.428|0.158|0.105|10.2|17.7|13.7|4.8|0.7|0|28.7|17.1|-0.2|0.1|-0.1|-0.093|-9|-2.3|-11.3|-0.2
"Eric Gordon"|"SG"|26|"NOP"|61|2018|12.7|0.544|0.454|0.192|1.6|7.4|4.5|17.6|1.3|0.5|14|19.8|2.2|0.7|2.9|0.069|1.4|-2|-0.6|0.7
"Marcin Gortat"|"C"|30|"WAS"|82|2453|18.2|0.587|0.004|0.226|8.5|24.1|16.5|6.5|1|3.6|10.5|17.6|4.4|4.2|8.6|0.168|-0.4|2.3|1.8|2.4
"Danny Granger"|"SF"|31|"MIA"|30|613|8.6|0.527|0.519|0.228|4|11.5|7.8|4.4|1.1|0.8|11.9|15.5|0.2|0.3|0.6|0.046|-1.5|-1.8|-3.2|-0.2
"Jerami Grant"|"SF"|20|"PHI"|65|1377|8.7|0.47|0.443|0.548|3.7|12.3|7.8|9.4|1.5|4|16.3|16.5|-0.9|1.4|0.5|0.019|-4.3|1|-3.3|-0.5
"Danny Green"|"SG"|27|"SAS"|81|2312|16.5|0.596|0.619|0.172|2.7|13.9|8.4|10.3|2.2|2.8|10.5|17.5|4|3.9|7.8|0.163|2.8|2.2|5|4.1
"Draymond Green"|"PF"|24|"GSW"|79|2490|16.4|0.54|0.43|0.261|5.1|22.4|14|16.1|2.4|2.9|13.5|17.2|3.3|5.2|8.5|0.163|1|4|5|4.4
"Erick Green"|"PG"|23|"DEN"|43|410|8.9|0.436|0.29|0.074|1.8|6.6|4.1|15.1|1.5|0|7.7|19.1|-0.1|0.1|0|0|-2.7|-2.7|-5.4|-0.3
"Gerald Green"|"SG"|29|"PHO"|74|1446|15.4|0.532|0.497|0.154|2.5|11.7|7|10.9|1.4|0.6|11.1|28.4|1|1|1.9|0.065|0.8|-3.3|-2.4|-0.2
"Willie Green"|"SG"|33|"ORL"|52|951|7.9|0.477|0.395|0.111|1.6|7.9|4.7|10.9|1.4|0.4|13|17.6|-0.4|0.4|-0.1|-0.003|-2.8|-2.1|-4.9|-0.7
"Blake Griffin"|"PF"|25|"LAC"|67|2356|22.8|0.551|0.022|0.373|6.1|17.9|12.1|26.2|1.4|1.2|10.2|28.4|6.6|2.4|9|0.183|3.1|1|4.1|3.6
"P.J. Hairston"|"SG"|22|"CHO"|45|687|9|0.446|0.606|0.134|3.4|11.5|7.4|5.1|1.6|1.5|7.2|20.4|-0.5|0.8|0.3|0.022|-2.2|-1.3|-3.5|-0.3
"Jordan Hamilton"|"SF"|24|"LAC"|14|122|8.3|0.543|0.6|0|1.9|12.7|7.4|8.2|0.8|0|10.3|14.4|0.1|0.1|0.1|0.059|-1.1|-2.1|-3.2|0
"Tyler Hansbrough"|"PF"|29|"TOR"|74|1058|13.3|0.597|0.042|0.842|11.6|17.3|14.4|2.8|1.5|1.1|8.1|10.5|2.6|0.9|3.4|0.156|0.1|-0.5|-0.5|0.4
"Tim Hardaway"|"SG"|22|"NYK"|70|1681|12.1|0.512|0.494|0.218|0.8|10.2|5.4|13.5|0.6|0.7|9.5|23.8|0.8|0|0.8|0.023|0.1|-4.2|-4.1|-0.9
"James Harden"|"SG"|25|"HOU"|81|2981|26.7|0.605|0.378|0.561|2.8|14.2|8.5|34.6|2.6|1.6|14.9|31.3|12.2|4.2|16.4|0.265|7.4|1|8.4|7.8
"Maurice Harkless"|"SF"|21|"ORL"|45|674|8.4|0.449|0.354|0.259|6.3|11.6|8.9|5.4|2.4|1.1|13.3|13.7|-0.3|0.6|0.3|0.021|-3.1|0.2|-2.9|-0.1
"Devin Harris"|"PG"|31|"DAL"|76|1685|14.8|0.559|0.508|0.309|0.8|8|4.4|20.4|2.3|0.7|12.5|18|2.9|1.3|4.2|0.12|1.9|-0.8|1.2|1.3
"Gary Harris"|"SG"|20|"DEN"|55|719|4.9|0.395|0.475|0.217|3|6.7|4.8|5.9|2.7|0.8|13.8|16.6|-1.2|0.5|-0.7|-0.046|-4.2|-0.1|-4.3|-0.4
"Joe Harris"|"SG"|23|"CLE"|51|493|5.6|0.537|0.7|0.125|1.7|7.8|4.8|7.7|0.7|0.3|17.6|14.1|0|0.2|0.2|0.018|-2|-2.5|-4.5|-0.3
"Tobias Harris"|"SF"|22|"ORL"|68|2369|16.7|0.551|0.252|0.258|3.4|17.3|10.3|8.8|1.5|1.2|9.8|22.5|3|1.8|4.8|0.098|0.4|-0.7|-0.3|1
"Udonis Haslem"|"PF"|34|"MIA"|62|995|10.6|0.488|0.042|0.268|8.8|22.1|15.6|7.4|1.1|1.1|13.3|14.6|0.4|1|1.4|0.066|-3.3|-0.1|-3.4|-0.4
"Spencer Hawes"|"PF"|26|"LAC"|73|1274|9.8|0.478|0.424|0.164|2.7|19.7|11.4|10|1|3.4|12.1|17.9|-0.3|1.5|1.2|0.044|-2.9|1|-1.9|0
"Chuck Hayes"|"C"|31|"TOR"|29|255|10.4|0.492|0|0.239|8.1|14.9|11.5|11.3|2|1.3|13.6|10.4|0.3|0.2|0.5|0.091|-1.5|1.1|-0.4|0.1
"Gordon Hayward"|"SF"|24|"UTA"|76|2618|20.2|0.567|0.304|0.425|2.4|14|8.2|21.7|2.2|0.9|13.8|26.2|5.8|2.9|8.7|0.159|3.3|0.1|3.4|3.6
"Brendan Haywood"|"C"|35|"CLE"|22|119|9.1|0.49|0|0.433|5.9|21.9|14|2.5|0.9|6.6|21.9|17.3|-0.2|0.2|0|0.008|-7.9|1.3|-6.6|-0.1
"Gerald Henderson"|"SG"|27|"CHO"|80|2315|13.2|0.514|0.161|0.256|1.7|11.6|6.5|15.6|1.1|0.7|10.5|20.7|1.3|2.3|3.6|0.074|-1.2|-0.4|-1.5|0.3
"Xavier Henry"|"SF"|23|"LAL"|9|86|4.9|0.424|0|1.846|2.5|2.7|2.6|4.8|1.8|0|11.3|13.7|-0.1|0|-0.1|-0.03|-5.5|-2.4|-7.9|-0.1
"John Henson"|"C"|24|"MIL"|67|1228|18|0.578|0|0.396|11.7|17.4|14.5|7.8|1.2|9.3|17.6|18.1|1.3|2.4|3.6|0.142|-1.9|4.6|2.7|1.5
"Roy Hibbert"|"C"|28|"IND"|76|1926|15.4|0.501|0.003|0.287|9|21.9|15.5|7.4|0.5|5.1|11.8|21.3|1|3.2|4.2|0.105|-3.1|2.1|-1|0.5
"J.J. Hickson"|"C"|26|"DEN"|73|1411|14.3|0.504|0.004|0.438|11.1|24|17.3|6.5|1.3|1.9|14.9|19.7|0.5|1.4|1.8|0.062|-3.1|0.4|-2.7|-0.3
"Nene Hilario"|"PF"|32|"WAS"|67|1693|14.3|0.534|0.008|0.336|5.7|17|11.5|12|2|1|15.2|21.8|0.5|2.5|3|0.086|-1.9|1.3|-0.6|0.6
"George Hill"|"PG"|28|"IND"|43|1267|21.5|0.579|0.361|0.267|2.2|13.3|7.8|31.4|1.8|0.9|10.3|23.8|3.7|1.6|5.4|0.203|5.4|0.2|5.6|2.4
"Jordan Hill"|"C"|27|"LAL"|70|1874|16.2|0.494|0.014|0.216|9.9|23.4|16.4|9.5|0.9|2.3|11.1|22.7|1.1|1.1|2.2|0.055|-2|-0.6|-2.6|-0.3
"Solomon Hill"|"SF"|23|"IND"|82|2381|10.2|0.507|0.328|0.304|3.3|11.2|7.3|11.9|1.4|0.6|13.8|15.9|0.9|2.6|3.5|0.072|-1.1|0.8|-0.3|1
"Kirk Hinrich"|"SG"|34|"CHI"|66|1610|6.8|0.468|0.441|0.131|1.4|6.6|4.1|13.8|1.5|0.6|15.3|13.3|-0.3|1.3|1|0.03|-2.3|-0.6|-2.8|-0.3
"Jrue Holiday"|"PG"|24|"NOP"|40|1303|18.8|0.522|0.253|0.142|2.8|9|5.9|34.9|2.5|1.3|13.8|23.1|2.3|1.1|3.4|0.124|3|-0.7|2.3|1.4
"Justin Holiday"|"SG"|25|"GSW"|59|657|12.1|0.498|0.464|0.191|2|9.7|6|10.1|3|1.4|10.2|18.8|0.2|1|1.3|0.092|-1.4|0.5|-1|0.2
"Ryan Hollins"|"C"|30|"SAC"|46|441|13.1|0.648|0|0.659|9.6|16.6|13.2|5|0.7|3.4|19.1|13.1|0.7|0.3|1|0.104|-1.4|0|-1.4|0.1
"Rodney Hood"|"SG"|22|"UTA"|50|1064|12.3|0.529|0.455|0.214|1|11.7|6.4|13.2|1.5|0.9|9.9|19.6|1.3|0.9|2.2|0.098|0.2|-1.3|-1.1|0.2
"Al Horford"|"C"|28|"ATL"|76|2318|21.4|0.563|0.037|0.146|6.7|19.8|13.4|18.6|1.5|3.5|8.9|22.2|5.1|3.6|8.7|0.179|1.3|2.5|3.8|3.4
"Dwight Howard"|"C"|29|"HOU"|41|1223|19.2|0.596|0.005|0.641|10|28.9|19.5|7.3|1.1|3.4|17.5|23.3|1.4|2.2|3.6|0.14|-2.4|1.2|-1.2|0.3
"Lester Hudson"|"SG"|30|"LAC"|5|56|16|0.571|0.429|0.286|2.1|13.8|8|12.6|5.4|1.5|16|15.1|0.1|0.1|0.2|0.141|0|3.3|3.3|0.1
"Robbie Hummel"|"SF"|25|"MIN"|45|742|9.7|0.536|0.297|0.169|4.6|16.4|10.3|5.6|1.1|1|8.9|12.1|0.7|0.1|0.8|0.05|-1.8|-1.6|-3.5|-0.3
"Kris Humphries"|"PF"|29|"WAS"|64|1345|15.4|0.512|0.016|0.262|10.1|24.4|17.4|6.7|1.3|1.5|8.5|18.3|1.6|2.1|3.8|0.134|-2|0.7|-1.3|0.2
"Serge Ibaka"|"PF"|25|"OKC"|64|2116|16.6|0.549|0.261|0.14|7|18.1|12.6|4.2|0.7|5.8|10.4|18.9|2.9|2.7|5.6|0.127|-0.5|1.3|0.8|1.5
"Andre Iguodala"|"SG"|31|"GSW"|77|2069|12.3|0.553|0.427|0.23|2.4|10.8|6.7|14.6|2.1|0.9|13.9|13.3|2.3|2.8|5.1|0.117|0.1|1.5|1.6|1.9
"Ersan Ilyasova"|"PF"|27|"MIL"|58|1319|16.8|0.554|0.341|0.192|7|17|12|7.4|1.4|1.2|6.9|22.1|2.3|1.7|4|0.146|1.2|-1.4|-0.2|0.6
"Joe Ingles"|"SF"|27|"UTA"|79|1673|9.6|0.533|0.571|0.113|1.5|10.5|6|16.8|2.3|0.5|20.9|12.9|0.5|1.6|2.2|0.062|-1.1|0.3|-0.8|0.5
"Kyrie Irving"|"PG"|22|"CLE"|75|2730|21.5|0.583|0.306|0.296|2.3|7.5|5|25|2.2|0.6|11.8|26.2|8.4|2|10.4|0.183|4.7|-1.4|3.3|3.7
"Jarrett Jack"|"PG"|31|"BRK"|80|2241|14.6|0.522|0.179|0.278|1|11.3|6.1|27.3|1.7|0.5|17.2|22.6|1.1|1.4|2.6|0.055|-0.5|-1|-1.5|0.3
"Bernard James"|"C"|29|"DAL"|16|158|16|0.593|0|0.852|12.5|14.6|13.5|3.4|0.6|7.7|13.9|12.2|0.4|0.2|0.5|0.165|-1.3|2.9|1.6|0.1
"LeBron James"|"SF"|30|"CLE"|69|2493|25.9|0.577|0.265|0.413|2.4|16.6|9.6|38.6|2.3|1.6|15.3|32.3|7.4|2.9|10.4|0.199|6.2|1.2|7.4|5.9
"Al Jefferson"|"C"|30|"CHO"|65|1992|19.7|0.5|0.005|0.163|5.3|25.5|15.1|11.6|1.2|3.3|5.9|26.3|1.3|3.4|4.7|0.113|-1.3|1.6|0.2|1.1
"Cory Jefferson"|"PF"|24|"BRK"|50|531|13.2|0.48|0.09|0.323|10|20.6|15.3|4.8|1|3.2|9.5|18.1|0.2|0.6|0.8|0.071|-3.3|-0.4|-3.7|-0.2
"Richard Jefferson"|"SF"|34|"DAL"|74|1244|11.3|0.577|0.478|0.352|2.2|14|8.1|7|1.3|0.7|12.2|15.3|1.4|0.9|2.3|0.088|-0.2|-0.5|-0.7|0.4
"John Jenkins"|"SG"|23|"ATL"|24|297|15.9|0.629|0.525|0.192|0.8|13.8|7.5|7|1.7|0|6.9|17.8|0.6|0.3|0.9|0.147|1.1|-2.1|-0.9|0.1
"Brandon Jennings"|"PG"|25|"DET"|41|1173|19.7|0.522|0.389|0.263|1.9|8|4.8|39.9|1.9|0.3|12.9|26.3|2.6|0.7|3.3|0.136|4.3|-2.5|1.8|1.1
"Amir Johnson"|"PF"|27|"TOR"|75|1979|15.4|0.603|0.089|0.249|9.3|17.3|13.3|9.4|1.1|2.4|16|15.7|3.5|1.6|5.1|0.124|0.8|1|1.8|1.9
"James Johnson"|"PF"|27|"TOR"|70|1370|17.9|0.617|0.126|0.252|5.1|16.5|10.8|11.4|2|4.1|15|17.4|2.5|1.6|4.1|0.143|0.6|2|2.7|1.6
"Joe Johnson"|"SG"|33|"BRK"|80|2791|14.1|0.523|0.329|0.172|2.1|13.3|7.7|17.1|1.1|0.4|11.1|20.3|2.6|1.5|4.1|0.07|0.9|-0.7|0.2|1.5
"Nick Johnson"|"SG"|22|"HOU"|28|262|4.8|0.43|0.28|0.333|5.5|10.9|8.2|6.3|1.3|0.9|18.1|17.4|-0.4|0.2|-0.1|-0.02|-6.1|-1.2|-7.3|-0.3
"Tyler Johnson"|"SG"|22|"MIA"|32|603|12|0.506|0.287|0.281|2.9|13.1|8.1|11.3|2.9|1.3|13.8|17|0.1|0.7|0.8|0.06|-1.8|0.7|-1.1|0.1
"Wesley Johnson"|"SF"|27|"LAL"|76|2245|11.1|0.509|0.375|0.162|3.2|12.9|7.8|8.6|1.3|1.6|10.5|16.4|1|0.7|1.7|0.037|-0.9|-0.6|-1.5|0.3
"Dahntay Jones"|"SF"|34|"LAC"|33|123|1.9|0.406|0.19|0.524|0.9|9|5|2.1|1.2|0|3.7|9.8|0|0.1|0|0.013|-5.2|-1.3|-6.4|-0.1
"James Jones"|"SF"|34|"CLE"|57|669|11.1|0.565|0.871|0.229|1.6|9|5.3|5.4|1|0.9|5.5|15.8|1.2|0.4|1.5|0.11|1.4|-2.8|-1.4|0.1
"Perry Jones"|"SF"|23|"OKC"|43|631|6.9|0.459|0.326|0.201|1|11.7|6.5|4.2|1.4|1|10.7|15.3|-0.3|0.5|0.2|0.015|-4.2|-1.2|-5.4|-0.5
"Terrence Jones"|"PF"|23|"HOU"|33|889|18.3|0.567|0.124|0.314|9.7|17.6|13.7|6.9|1|5.2|9.8|18.4|1.7|1.3|3|0.16|-0.6|1.9|1.3|0.7
"DeAndre Jordan"|"C"|26|"LAC"|82|2820|21|0.638|0.007|0.882|16.2|32.4|24.5|3.2|1.5|5.4|12.8|13.6|7.4|5.4|12.8|0.217|0.9|3.2|4.1|4.3
"Jerome Jordan"|"C"|28|"BRK"|44|383|16.8|0.609|0|0.468|15.3|15.5|15.4|5.3|1.1|3.1|16.3|16.1|0.9|0.3|1.2|0.156|-0.2|0|-0.2|0.2
"Cory Joseph"|"PG"|23|"SAS"|79|1444|15.5|0.564|0.107|0.348|3.5|11.4|7.5|19.7|1.6|0.9|12.4|17|2.7|1.8|4.5|0.149|0.2|0.5|0.7|1
"Chris Kaman"|"C"|32|"POR"|74|1398|17.3|0.537|0|0.186|11.6|25.2|18.5|7.8|0.7|2.8|15.4|22.5|1.1|2.2|3.3|0.112|-2.5|1.1|-1.4|0.2
"Sergey Karasev"|"SG"|21|"BRK"|33|555|10.5|0.508|0.403|0.284|4.5|8.9|6.7|12.3|2.1|0.1|13.7|14.4|0.3|0.4|0.7|0.061|-0.7|-0.5|-1.2|0.1
"Ryan Kelly"|"PF"|23|"LAL"|52|1233|8.6|0.473|0.434|0.307|1.1|12.4|6.5|10.9|1.2|1.6|9.5|14|0.4|0.3|0.7|0.027|-2.1|-0.8|-2.8|-0.3
"Michael Kidd-Gilchrist"|"SF"|21|"CHO"|55|1587|15.1|0.519|0|0.444|7.4|21.9|14.4|8.2|1|1.9|9.9|18.4|1.6|2.2|3.8|0.114|-2.2|1.3|-0.8|0.5
"Sean Kilpatrick"|"SG"|25|"MIN"|4|72|10|0.506|0.65|0.2|1.5|8.2|4.8|8.5|2.1|0|8.4|14.6|0.1|0|0.1|0.033|-0.7|-3|-3.8|0
"Andrei Kirilenko"|"SF"|33|"BRK"|7|36|2.8|0.222|0|0.8|6.2|18.6|12.5|3.6|1.4|0|12.9|9.8|-0.1|0|0|-0.058|-8.1|-0.2|-8.3|-0.1
"Alex Kirk"|"C"|23|"CLE"|5|14|8.5|0.41|0|0.5|8.3|0|4.1|10.1|0|0|0|15.7|0|0|0|0.061|-3|-4.3|-7.4|0
"Kyle Korver"|"SG"|33|"ATL"|75|2418|14.8|0.699|0.748|0.197|0.7|13.3|7.2|12.1|1.1|1.5|14.1|14.4|5|2.4|7.5|0.148|3.1|0.2|3.3|3.3
"Kosta Koufos"|"C"|25|"MEM"|81|1348|14.2|0.53|0|0.237|10.3|25.8|18.1|4.3|1.1|3.9|14.9|15.8|0.8|2.5|3.3|0.118|-3.4|1.9|-1.5|0.2
"Ognjen Kuzmic"|"C"|24|"GSW"|16|72|12.9|0.727|0|0.333|10.8|14.5|12.7|11.1|1.4|1|26.7|11.3|0.2|0.1|0.3|0.171|-0.3|1|0.8|0.1
"Jeremy Lamb"|"SG"|22|"OKC"|47|633|14.9|0.538|0.444|0.22|1.4|16.5|9.1|10.9|1.7|0.7|9|20.5|1|0.7|1.6|0.123|0|-1.6|-1.6|0.1
"Carl Landry"|"PF"|31|"SAC"|70|1192|14.9|0.578|0|0.407|9.8|15.5|12.8|3.6|0.6|1.1|11|18.1|2.3|0.5|2.8|0.112|-1|-2.6|-3.6|-0.5
"Shane Larkin"|"PG"|22|"NYK"|76|1865|10.9|0.504|0.269|0.181|1.7|9.4|5.4|19.4|2.6|0.4|15.1|13.6|0.8|0.9|1.7|0.045|-1.6|-0.7|-2.4|-0.2
"Joffrey Lauvergne"|"C"|23|"DEN"|24|268|10.5|0.459|0.18|0.315|10.5|20.9|15.5|7.5|1.5|2.9|17.8|19.9|-0.2|0.3|0.1|0.012|-4.2|0.7|-3.6|-0.1
"Zach LaVine"|"PG"|19|"MIN"|77|1902|11.3|0.515|0.247|0.261|1.6|11.6|6.4|24|1.4|0.4|20.4|22|-0.7|0|-0.7|-0.018|-1.7|-2.7|-4.5|-1.2
"Ty Lawson"|"PG"|27|"DEN"|75|2665|18.5|0.526|0.221|0.392|1.6|8.1|4.7|43|1.7|0.3|14.6|20.6|6|1|7|0.126|2.7|-2.1|0.5|1.7
"Courtney Lee"|"SG"|29|"MEM"|77|2354|11.5|0.555|0.348|0.201|1|7.6|4.3|9.8|1.7|0.4|10|15.2|2.5|2.4|4.8|0.099|0.3|0.2|0.5|1.5
"David Lee"|"PF"|31|"GSW"|49|904|17.8|0.541|0.006|0.332|10|20.3|15.3|13.7|1.7|2.1|12|19.6|1.6|1.6|3.2|0.168|-0.6|2|1.4|0.8
"Malcolm Lee"|"SG"|24|"PHI"|1|2|-19.7|0|0|0|0|0|0|0|0|0|0|21.8|0|0|0|-0.527|-21.9|-6.7|-28.5|0
"Alex Len"|"C"|21|"PHO"|69|1518|13.5|0.542|0.008|0.295|10.2|22.7|16.4|3.1|1.1|5.3|15.7|13.7|1.2|2.1|3.4|0.107|-3.3|2.3|-1|0.4
"Kawhi Leonard"|"SF"|23|"SAS"|64|2033|22|0.567|0.234|0.307|4.8|20.6|12.9|13|3.7|1.8|9.4|23|4.2|4.4|8.6|0.204|2.6|3.5|6.1|4.1
"Meyers Leonard"|"C"|22|"POR"|55|847|14.8|0.631|0.457|0.131|5.9|25.3|15.8|5.8|0.6|1.2|13.1|15.8|1.6|1.2|2.8|0.158|0.1|0|0.2|0.5
"Jon Leuer"|"PF"|25|"MEM"|63|824|11.9|0.478|0.106|0.216|7|21.7|14.3|8.8|1.1|0.9|10.5|18.6|0.2|1.2|1.3|0.078|-3.1|0|-3.1|-0.2
"Damian Lillard"|"PG"|24|"POR"|82|2925|20.7|0.56|0.421|0.293|1.8|11.8|6.9|29|1.7|0.5|12.6|26.9|7.3|3.3|10.6|0.174|5|0|5.1|5.2
"Jeremy Lin"|"PG"|26|"LAL"|74|1907|15.6|0.539|0.269|0.41|1.4|10.2|5.7|28.6|2.2|1.4|17.7|21.9|1.8|0.8|2.7|0.068|0.5|-1.3|-0.8|0.6
"Shaun Livingston"|"PG"|29|"GSW"|78|1468|12.9|0.529|0.005|0.23|3.3|10|6.7|24.2|1.6|1|19|15.9|1.5|1.8|3.3|0.107|-2.1|0.4|-1.7|0.1
"Brook Lopez"|"C"|26|"BRK"|72|2100|22.7|0.558|0.01|0.278|11.5|17.1|14.3|4.5|1.1|4.8|8.6|26.3|4.7|2.2|7|0.159|0.5|-0.3|0.2|1.1
"Robin Lopez"|"C"|26|"POR"|59|1638|16.2|0.574|0.002|0.291|12.7|13.1|12.9|5.1|0.5|3.7|12.9|15.5|3.2|1.9|5.1|0.15|0.1|2|2.1|1.7
"Kevin Love"|"PF"|26|"CLE"|75|2532|18.8|0.562|0.412|0.337|6.5|26.3|16.6|10.7|1|1.2|10|21.7|5.8|2.9|8.7|0.165|2|-0.1|1.9|2.5
"Kyle Lowry"|"PG"|28|"TOR"|70|2414|19.3|0.527|0.375|0.299|2.6|13.1|7.8|32.4|2.3|0.4|12.8|25.4|5.1|2|7.1|0.141|4.2|-0.6|3.6|3.4
"Kalin Lucas"|"PG"|25|"MEM"|1|6|-0.7|0|0|0|0|0|0|0|8.7|0|0|7.6|0|0|0|-0.057|-7.9|6.6|-1.3|0
"John Lucas III"|"PG"|32|"DET"|21|272|13|0.461|0.279|0.048|1.5|5|3.2|36|1.5|0|13.1|19.9|0.2|0.1|0.3|0.058|-1.1|-4.4|-5.5|-0.2
"Shelvin Mack"|"PG"|24|"ATL"|55|833|13.2|0.489|0.435|0.106|1.1|9.5|5.4|28.6|1.8|0.2|13.8|19.5|0.5|0.8|1.3|0.075|-0.9|-2.2|-3.1|-0.2
"Ian Mahinmi"|"C"|28|"IND"|61|1146|10.8|0.516|0|0.481|10.2|24|17.2|4.4|1.3|3.1|18.7|12.5|0.1|2|2.1|0.09|-3.8|2.6|-1.2|0.2
"Devyn Marble"|"SG"|22|"ORL"|16|208|5.9|0.362|0.5|0.364|2.7|14.4|8.4|11.5|2.2|0.8|15|13.1|-0.3|0.2|-0.1|-0.031|-4.7|0.2|-4.5|-0.1
"Shawn Marion"|"SF"|36|"CLE"|57|1101|11|0.489|0.172|0.127|6.8|14.2|10.5|6.9|1.3|1.9|10.5|12.9|0.8|0.9|1.7|0.074|-2|0.7|-1.3|0.2
"Kendall Marshall"|"PG"|23|"MIL"|28|417|12.4|0.562|0.455|0.089|0.6|7.1|3.8|31.1|2.6|0|25|15.1|0.3|0.5|0.8|0.088|-1.7|-2.4|-4.1|-0.2
"Cartier Martin"|"SF"|30|"DET"|23|198|1.6|0.34|0.623|0|0|11.4|5.5|8|0.8|0.4|8.6|13|-0.3|0.1|-0.2|-0.053|-5.5|-1.6|-7.1|-0.3
"Kenyon Martin"|"PF"|37|"MIL"|11|104|10|0.437|0|0.091|6.7|14.2|10.5|7|2.5|4.9|11.6|11.2|0|0.2|0.2|0.086|-4.4|3.6|-0.8|0
"Kevin Martin"|"SG"|31|"MIN"|39|1302|16.7|0.549|0.306|0.309|1.6|11.1|6.2|12.5|1.3|0.1|9.7|26.6|2|-0.1|1.9|0.069|1.8|-3.9|-2.1|0
"Wesley Matthews"|"SG"|28|"POR"|60|2024|16.1|0.586|0.592|0.193|2.1|9.5|5.9|10.8|1.9|0.4|9|19.8|4|2.2|6.2|0.147|3.8|0.1|3.9|3
"Jason Maxiell"|"PF"|31|"CHO"|61|878|10.4|0.455|0|0.37|10.5|15.1|12.7|3.4|1.1|4|11.5|13.1|0.1|1.2|1.4|0.074|-4.5|1.9|-2.6|-0.1
"O.J. Mayo"|"SG"|27|"MIL"|71|1697|13.5|0.529|0.395|0.198|2|10.5|6.3|19.4|1.7|0.9|14.4|23.6|0.9|1.9|2.8|0.079|0|-1.3|-1.3|0.3
"Luc Mbah a Moute"|"PF"|28|"PHI"|67|1916|10.6|0.466|0.318|0.256|4.4|14.6|9.3|9.8|2.1|0.9|12.3|18.3|-0.9|2|1.1|0.027|-3.2|0.1|-3.2|-0.6
"James Michael McAdoo"|"PF"|22|"GSW"|15|137|17.7|0.564|0|0.568|12.2|16.8|14.6|2.1|1.8|4.9|9.8|19.4|0.2|0.3|0.5|0.177|-2.3|0.5|-1.8|0
"Ray McCallum"|"PG"|23|"SAC"|68|1436|12.5|0.496|0.236|0.179|4.3|9.8|7.1|21.3|1.6|0.6|14.4|18.2|0.8|0.5|1.4|0.045|-0.4|-1.3|-1.7|0.1
"C.J. McCollum"|"SG"|23|"POR"|62|973|13.1|0.534|0.381|0.2|1.6|8.3|5|10.3|2.3|0.6|10.8|20.5|0.7|1.1|1.8|0.089|-0.4|-0.3|-0.7|0.3
"Doug McDermott"|"SF"|23|"CHI"|36|321|6.1|0.48|0.383|0.14|2.1|12.2|7.3|3|0.6|0.2|13|18.3|-0.3|0.2|0|-0.005|-4.8|-3.3|-8|-0.5
"Mitch McGary"|"PF"|22|"OKC"|32|485|16.6|0.55|0.012|0.242|11.9|24.4|18.2|4.6|1.7|2.6|14.5|19|0.6|0.7|1.3|0.127|-2.3|-0.1|-2.4|-0.1
"Ben McLemore"|"SG"|21|"SAC"|82|2670|10.4|0.552|0.471|0.193|1.4|8.6|5.1|8.4|1.5|0.6|13.3|17.2|1.7|0.8|2.5|0.045|0.4|-1.3|-0.8|0.8
"Jerel McNeal"|"PG"|27|"PHO"|6|36|1.2|0.379|0.182|0.182|0|9.2|4.6|7.8|4.2|2.1|29.6|20.6|-0.2|0.1|-0.1|-0.149|-10.2|1.7|-8.5|-0.1
"Josh McRoberts"|"PF"|27|"MIA"|17|296|10.2|0.613|0.358|0.245|2.9|15.1|9.1|17.5|2.1|0.9|27.3|12.8|0.1|0.3|0.4|0.07|-1.7|0.6|-1.1|0.1
"Jodie Meeks"|"SG"|27|"DET"|60|1462|14.1|0.548|0.397|0.3|0.9|7.1|3.9|8.8|2.1|0.3|8.6|20.1|2.2|0.9|3.1|0.103|0.7|-1.6|-0.9|0.4
"Gal Mekel"|"PG"|26|"NOP"|4|43|0.5|0.15|0.15|0|0|2.6|1.3|42.2|2.4|0|9.1|23.3|-0.2|0|-0.2|-0.238|-10.3|-6.3|-16.6|-0.2
"Khris Middleton"|"SF"|23|"MIL"|79|2378|15.6|0.563|0.308|0.18|2.3|14.3|8.4|12.7|2.6|0.4|10.8|19.9|3.2|3.5|6.7|0.135|0.9|0.5|1.4|2
"C.J. Miles"|"SG"|27|"IND"|70|1841|14.1|0.525|0.539|0.195|1.1|11.7|6.4|7.1|1.7|1.1|7.5|23.9|1.3|2.3|3.6|0.093|1|-1.3|-0.3|0.8
"Darius Miller"|"SF"|24|"NOP"|5|43|-5.1|0.143|0.143|0|0|2.6|1.3|6.1|1.2|0|12.5|8.5|-0.1|0|-0.1|-0.122|-8.4|-1.5|-9.9|-0.1
"Mike Miller"|"SF"|34|"CLE"|52|701|4.6|0.471|0.86|0.035|0.7|14|7.4|9|1|0.5|16.6|8.9|-0.1|0.5|0.4|0.028|-2.6|-0.3|-3|-0.2
"Patrick Mills"|"PG"|26|"SAS"|51|801|13|0.496|0.542|0.119|3|7.5|5.3|16.9|1.8|0.2|9|22.1|0.6|0.9|1.4|0.087|1|-1.8|-0.7|0.3
"Elijah Millsap"|"SG"|27|"UTA"|47|924|7.9|0.45|0.378|0.361|3.5|15.2|9.4|9.7|3.2|1.4|19.5|17|-1|1.4|0.4|0.02|-3.5|1.9|-1.6|0.1
"Paul Millsap"|"PF"|29|"ATL"|73|2390|20|0.565|0.232|0.362|6.9|20|13.6|15.4|2.8|2.4|13.3|23.8|4|4.3|8.3|0.166|1.6|2.6|4.2|3.7
"Nikola Mirotic"|"PF"|23|"CHI"|82|1654|17.9|0.556|0.502|0.455|4.3|21.8|13.3|9.7|1.7|2.4|10.6|22.8|3|2.7|5.7|0.165|1.2|0|1.2|1.3
"Nazr Mohammed"|"C"|37|"CHI"|23|128|8.7|0.431|0|0.1|9.6|22.3|16.1|3.6|1.6|2.8|18.3|13.4|-0.1|0.2|0.1|0.04|-6.1|0.9|-5.3|-0.1
"Greg Monroe"|"PF"|24|"DET"|69|2137|21.2|0.549|0|0.394|11.2|25.1|17.9|11.7|1.9|1.3|13|23.9|4|2.8|6.8|0.153|0.6|1.3|1.9|2.1
"ETwaun Moore"|"SG"|25|"CHI"|56|504|10.3|0.504|0.273|0.144|2.7|7.1|5|10.4|2.1|0.9|8.7|14.4|0.3|0.5|0.8|0.08|-1.8|-0.6|-2.5|-0.1
"Eric Moreland"|"PF"|23|"SAC"|3|2|40.8|1|0|0|0|54.8|28.4|0|0|0|0|22|0|0|0|0.431|5.8|-10.2|-4.5|0
"Darius Morris"|"PG"|24|"BRK"|38|299|6.7|0.377|0.311|0.085|2.6|7.5|5.1|24.7|1.6|0|16|20|-0.5|0.1|-0.4|-0.068|-4.4|-2.8|-7.2|-0.4
"Marcus Morris"|"PF"|25|"PHO"|81|2045|13.7|0.52|0.41|0.148|3.9|16.9|10.3|10.2|1.5|0.6|8.2|19|2.2|1.8|4|0.093|0.2|-0.6|-0.4|0.8
"Markieff Morris"|"PF"|25|"PHO"|82|2581|15.8|0.523|0.163|0.211|4.6|17|10.7|12.4|2|1.2|12.4|23.3|1.8|2.7|4.6|0.085|-0.7|0.5|-0.2|1.2
"Anthony Morrow"|"SG"|29|"OKC"|74|1806|14.8|0.604|0.528|0.145|2.4|9.1|5.8|5.2|1.5|0.5|5.5|16.5|4.4|1.2|5.7|0.151|2.4|-1.8|0.6|1.2
"Donatas Motiejunas"|"PF"|24|"HOU"|71|2037|14.4|0.553|0.19|0.237|7.4|15.4|11.4|10.8|1.4|1.3|13.7|19.1|2.4|2.3|4.7|0.11|-0.6|0.5|-0.1|1
"Shabazz Muhammad"|"SG"|22|"MIN"|38|866|19.9|0.556|0.128|0.365|8.1|12.4|10.2|9.6|1.1|0.6|7.1|25.3|2.1|-0.1|2|0.11|2|-3.8|-1.8|0
"Mike Muscala"|"PF"|23|"ATL"|40|502|18|0.608|0.146|0.166|12.2|14.8|13.5|8|1.6|3.2|11.5|16.7|1.2|0.7|1.9|0.179|0.8|0.9|1.7|0.5
"Shabazz Napier"|"PG"|23|"MIA"|51|1012|9.3|0.517|0.518|0.246|2.1|11.2|6.7|19.9|2.1|0.3|24.3|15.5|-0.3|0.8|0.5|0.024|-2|-0.6|-2.6|-0.2
"Andrew Nicholson"|"PF"|25|"ORL"|40|492|10.3|0.483|0.216|0.132|3.8|15.2|9.4|7.3|0.6|2|10.7|20.8|-0.2|0.3|0.1|0.007|-4|-2.1|-6.2|-0.5
"Joakim Noah"|"C"|29|"CHI"|67|2049|15.3|0.482|0.005|0.407|11.9|22.1|17.1|23|1.2|2.6|19.6|13.7|2.4|3.1|5.6|0.13|-0.2|3.6|3.4|2.8
"Nerlens Noel"|"C"|20|"PHI"|75|2311|15|0.493|0|0.352|8.3|21|14.3|9.8|2.9|5|16.2|17|-0.2|4.2|4|0.083|-3.7|4.5|0.8|1.6
"Lucas Nogueira"|"C"|22|"TOR"|6|23|5.2|0.307|0|0.5|10|45.1|27.6|6.2|4.5|0|17|23.1|-0.1|0.1|0|-0.071|-11|0.7|-10.3|0
"Dirk Nowitzki"|"PF"|36|"DAL"|77|2282|19.2|0.56|0.258|0.272|2.1|19.9|11|10.4|0.9|1.2|6.5|24.9|5.2|2|7.2|0.152|1.7|-1|0.7|1.5
"Jusuf Nurkic"|"C"|20|"DEN"|62|1103|14.8|0.483|0.005|0.345|11.8|26.1|18.7|7.3|2.4|4.8|16.3|20.7|-0.2|1.8|1.6|0.069|-3.7|3.1|-0.6|0.4
"Johnny OBryant"|"PF"|21|"MIL"|34|368|3.8|0.379|0|0.225|8.2|11.7|10|7.1|0.7|0.9|15.9|19.2|-0.8|0.3|-0.5|-0.063|-7.5|-1.6|-9|-0.7
"Kyle OQuinn"|"PF"|24|"ORL"|51|824|14.8|0.55|0.178|0.236|6.2|21.4|13.6|11.3|1.9|3.8|17.1|17.7|0.5|1.1|1.6|0.091|-2.1|2|-0.2|0.4
"Victor Oladipo"|"SG"|22|"ORL"|72|2573|15.9|0.527|0.228|0.295|2.2|11.2|6.6|19.3|2.4|0.6|14.3|25.2|1.5|2|3.5|0.065|0.5|-0.5|0|1.3
"Kelly Olynyk"|"C"|23|"BOS"|64|1423|15.9|0.558|0.331|0.258|7|16.5|11.7|12.2|2.3|2.1|14.3|21.1|1.5|2.1|3.6|0.12|0.7|1.4|2.1|1.5
"Arinze Onuaku"|"C"|27|"MIN"|6|68|22.8|0.771|0|0.571|11.4|24.3|17.7|10.2|0.7|3.5|10.2|12.7|0.2|0|0.3|0.197|2.5|-0.2|2.3|0.1
"Zaza Pachulia"|"C"|30|"MIL"|73|1730|15.6|0.506|0.006|0.302|13.1|19.9|16.5|16.2|2.4|1|18.2|19.1|1.3|2.9|4.2|0.116|-0.9|2.2|1.4|1.5
"Kostas Papanikolaou"|"SF"|24|"HOU"|43|795|7.8|0.444|0.538|0.091|5.4|10.9|8.2|15.8|1.8|1.3|21.2|14.2|-0.4|0.9|0.5|0.029|-3|0.7|-2.3|-0.1
"Jannero Pargo"|"PG"|35|"CHO"|9|73|14.9|0.571|0.629|0.057|0|4.6|2.3|20.8|0|0|7.7|24.3|0.1|0|0.2|0.113|3|-6.1|-3.2|0
"Jabari Parker"|"SF"|19|"MIL"|25|738|14.5|0.527|0.061|0.251|7.8|13.5|10.7|9.5|2.1|0.6|13.9|20.7|0.4|1|1.3|0.088|-1.4|0.2|-1.2|0.1
"Tony Parker"|"PG"|32|"SAS"|68|1953|15.9|0.539|0.107|0.2|0.9|6.5|3.7|28.7|1.2|0.1|13.9|24.5|2.4|1.7|4.1|0.1|0.2|-2.2|-2|0
"Chandler Parsons"|"SF"|26|"DAL"|66|2186|16.3|0.567|0.419|0.233|3.2|13|8.1|11.4|1.6|0.7|9.5|20.6|3.8|1.7|5.5|0.121|2.7|-0.2|2.5|2.5
"Patrick Patterson"|"PF"|25|"TOR"|81|2156|14.6|0.568|0.529|0.15|6.8|16.3|11.6|10.7|1.4|1.6|8.7|13.1|4.4|1.7|6.1|0.137|2.5|0.7|3.2|2.8
"Chris Paul"|"PG"|29|"LAC"|82|2857|26|0.596|0.298|0.274|2.1|12.5|7.4|47.4|2.8|0.4|12.7|23.7|12.9|3.2|16.1|0.27|7.5|0|7.5|6.9
"Elfrid Payton"|"PG"|20|"ORL"|82|2489|13.8|0.456|0.059|0.302|4.8|11.2|7.9|32.6|2.9|0.7|20.2|18.3|0|2.3|2.3|0.044|-1.5|0.8|-0.7|0.8
"Nikola Pekovic"|"C"|29|"MIN"|31|815|16.6|0.502|0|0.393|12.1|21|16.4|5.7|1.2|1.2|9.8|23.1|0.9|0.2|1.2|0.069|-1.7|-2.8|-4.5|-0.5
"Paul Pierce"|"SF"|37|"WAS"|73|1914|15.2|0.58|0.462|0.32|2.7|14.3|8.7|11.9|1.2|1|10.9|19.9|3.2|2.3|5.5|0.138|1.7|-0.2|1.5|1.7
"Mason Plumlee"|"C"|24|"BRK"|82|1743|18|0.57|0.006|0.648|11.3|21.6|16.5|7|1.9|2.9|14.4|19.2|2.5|2.3|4.8|0.131|-0.5|1.4|0.8|1.2
"Otto Porter"|"SF"|21|"WAS"|74|1432|11.6|0.523|0.266|0.202|5.6|11.6|8.7|6.8|1.6|1.7|10.9|15.1|1|1.8|2.7|0.092|-1.4|0.9|-0.4|0.6
"Phil Pressey"|"PG"|23|"BOS"|50|600|11.8|0.453|0.374|0.282|2.3|12.4|7.3|28|2.5|0.8|17.3|17.3|0|0.7|0.8|0.06|-2.3|0|-2.2|0
"Ronnie Price"|"PG"|31|"LAL"|43|982|10.2|0.455|0.489|0.202|2.1|5.8|3.9|24.4|3.5|0.3|17.6|13.4|0.2|0.6|0.7|0.036|-1|-1|-2|0
"Miroslav Raduljica"|"C"|27|"MIN"|5|23|3.3|0.45|0|0.25|9.7|15.4|12.4|0|2.2|0|18.4|20.9|0|0|0|-0.057|-8.2|-6.2|-14.4|-0.1
"Julius Randle"|"PF"|20|"LAL"|1|14|-7.5|0.258|0|0.667|0|0|0|0|0|0|20.5|15.5|-0.1|0|-0.1|-0.276|-12.3|-4.5|-16.8|-0.1
"Zach Randolph"|"PF"|33|"MEM"|71|2304|19.5|0.538|0.021|0.32|11.2|25.8|18.5|11.4|1.6|0.5|12.8|24.3|3.4|3.8|7.2|0.149|0.4|1.1|1.5|2
"J.J. Redick"|"SG"|30|"LAC"|78|2409|16.2|0.622|0.488|0.216|1|6.6|3.9|9|0.8|0.3|8.5|21|5.8|0.9|6.7|0.134|3.4|-2.7|0.7|1.6
"Glen Rice"|"SG"|24|"WAS"|5|43|-3.6|0.312|0.467|0.4|5.4|5.1|5.2|6.5|0|0|10.2|20.7|-0.1|0|-0.1|-0.121|-7|-4.1|-11.1|-0.1
"Jason Richardson"|"SG"|34|"PHI"|19|416|11.7|0.458|0.539|0.124|3.2|14.5|8.6|16.6|1.6|0.6|7.9|21.3|0|0.4|0.4|0.045|-1|-1.8|-2.9|-0.1
"Luke Ridnour"|"PG"|33|"ORL"|47|683|10|0.507|0.358|0.119|1.3|10.1|5.6|21|1.5|0.5|17|14.8|0.3|0.3|0.6|0.042|-2.3|-1.7|-4|-0.3
"Andre Roberson"|"SG"|23|"OKC"|67|1286|9.1|0.513|0.423|0.239|5.1|16|10.6|7.4|2.1|1.8|17.2|9|0.5|1.6|2.1|0.079|-1.8|2.1|0.3|0.7
"Brian Roberts"|"PG"|29|"CHO"|72|1330|11.7|0.495|0.427|0.164|1|8.2|4.5|20.3|1.3|0.4|10.5|18.6|0.6|1.2|1.8|0.064|-0.8|-1.7|-2.5|-0.2
"Derrick Rose"|"PG"|26|"CHI"|51|1530|15.9|0.493|0.325|0.224|2.6|8.7|5.7|30.7|1.2|0.8|14.9|31.7|0|1.2|1.2|0.038|1.1|-2.3|-1.3|0.3
"Terrence Ross"|"SF"|23|"TOR"|82|2092|11.2|0.519|0.518|0.074|1.8|10.7|6.2|6.5|1.3|1|8.1|18.3|1.3|1|2.4|0.054|0.2|-1.8|-1.6|0.2
"Ricky Rubio"|"PG"|24|"MIN"|22|692|15.2|0.452|0.233|0.324|3|18.1|10.3|43.5|2.8|0.1|20.4|20|0.1|0.4|0.5|0.033|0.1|-0.5|-0.5|0.3
"Damjan Rudez"|"SF"|28|"IND"|68|1047|8.2|0.591|0.646|0.087|0.9|4.1|2.5|7.9|0.8|0.4|14.7|13.8|0.6|0.7|1.3|0.061|-0.7|-1.8|-2.5|-0.1
"Brandon Rush"|"SG"|29|"GSW"|33|271|0.8|0.255|0.5|0.204|1.6|14.3|8.2|5.4|0.9|3.3|15.8|11.2|-0.7|0.4|-0.3|-0.056|-7.7|1.8|-6|-0.3
"Robert Sacre"|"C"|25|"LAL"|67|1133|10.9|0.449|0.003|0.268|8.4|14.6|11.4|7.4|1.3|3.1|9.5|14.8|0.3|0.6|0.8|0.035|-3.3|0.4|-2.8|-0.2
"John Salmons"|"SF"|35|"NOP"|21|270|5.1|0.422|0.542|0.083|1.7|7.1|4.4|6.6|1.8|1.1|9.1|9.3|0|0.1|0.1|0.017|-2.7|-0.2|-2.9|-0.1
"JaKarr Sampson"|"SF"|21|"PHI"|74|1131|9.4|0.498|0.367|0.272|3.2|12.9|7.8|12|1.7|1.9|16.4|17.9|-0.5|1.1|0.6|0.025|-4|-0.4|-4.4|-0.7
"Larry Sanders"|"C"|26|"MIL"|27|586|15.2|0.507|0|0.279|13.2|19.2|16.2|6.3|2.3|5.6|12.7|17|0.4|1.2|1.6|0.132|-2|3.4|1.4|0.5
"Dennis Schroder"|"PG"|21|"ATL"|77|1516|15.7|0.516|0.223|0.269|2.3|9.9|6.2|34.6|1.7|0.2|16.8|27|1.1|1.4|2.5|0.08|-0.4|-2.1|-2.4|-0.2
"Luis Scola"|"PF"|34|"IND"|81|1659|16.8|0.515|0.031|0.352|9.3|25.6|17.5|11|1.5|0.8|11.3|22.8|1.7|2.7|4.4|0.126|-1.5|0.7|-0.7|0.5
"Mike Scott"|"PF"|26|"ATL"|68|1123|15.1|0.543|0.424|0.17|4.7|15.2|10.1|10.9|1.1|0.2|7.4|21.4|1.6|1.1|2.7|0.115|0.6|-2.1|-1.6|0.1
"Thabo Sefolosha"|"SF"|30|"ATL"|52|976|13.8|0.506|0.313|0.233|6.4|19.3|13.1|11.2|2.8|1.8|12.2|14.6|0.8|1.7|2.5|0.121|-1.2|2.5|1.3|0.8
"Kevin Seraphin"|"C"|25|"WAS"|79|1235|12.5|0.535|0.004|0.182|8.1|17.9|13.1|8|0.4|3.8|16.8|21.5|0|1.7|1.7|0.066|-3.7|0.7|-3|-0.3
"Henry Sims"|"C"|24|"PHI"|73|1399|14.5|0.521|0.044|0.273|8.9|19.4|13.9|10.7|1.4|1.7|15|20.6|0.5|1.5|2.1|0.072|-3.3|-0.1|-3.4|-0.5
"Donald Sloan"|"PG"|27|"IND"|53|1107|13.1|0.503|0.369|0.217|1.2|13|7.1|27.5|1.1|0|14.3|18.6|0.9|1.1|2|0.085|-0.4|-1|-1.4|0.2
"Marcus Smart"|"PG"|20|"BOS"|67|1808|11|0.491|0.57|0.266|3.6|9.9|6.7|16.3|2.7|0.8|14.4|15.1|0.7|2.2|2.9|0.077|-0.1|1.3|1.1|1.4
"Greg Smith"|"PF"|24|"DAL"|42|363|10.2|0.605|0|0.796|7.8|16.1|11.9|3.4|1|2.5|14.3|9.5|0.5|0.3|0.8|0.108|-2|1|-1|0.1
"Jason Smith"|"C"|28|"NYK"|82|1785|12|0.497|0.071|0.258|6.2|15|10.5|13.5|0.9|2.1|13.6|19.7|0.5|0.7|1.2|0.032|-2.5|-0.9|-3.4|-0.6
"Tony Snell"|"SF"|23|"CHI"|72|1412|10.2|0.55|0.531|0.148|2.5|10.9|6.8|6.8|1.2|0.6|10.8|14.1|1.2|1.2|2.4|0.082|-0.6|-0.9|-1.5|0.2
"Marreese Speights"|"PF"|27|"GSW"|76|1207|19.5|0.546|0.028|0.276|10.1|18.7|14.5|9.9|0.8|2.1|10.2|29.1|2.2|1.8|4|0.158|-1.3|-1.3|-2.6|-0.2
"Tiago Splitter"|"C"|30|"SAS"|52|1030|18.9|0.601|0|0.396|10.2|17.4|13.9|11.8|1.7|2.7|14.4|18.4|2.3|1.7|4|0.189|0.8|2.4|3.3|1.4
"Nik Stauskas"|"SG"|21|"SAC"|73|1127|7.5|0.492|0.503|0.216|1.1|7.5|4.4|9|0.9|1.2|11|14.2|0.3|0.2|0.5|0.021|-1.9|-2|-3.9|-0.5
"Lance Stephenson"|"SG"|24|"CHO"|61|1573|8.8|0.419|0.191|0.2|2.7|17.1|9.7|25.4|1.2|0.4|17.6|21.1|-2.7|1.8|-0.9|-0.026|-4|0.5|-3.5|-0.6
"Greg Stiemsma"|"C"|29|"TOR"|17|66|7.8|0.717|0|0.5|15.7|10.5|13.1|6.6|1.6|0|41.8|11.5|0|0|0.1|0.05|-1.1|-0.6|-1.7|0
"David Stockton"|"PG"|23|"SAC"|3|33|10.8|0.463|0.333|1|0|6.6|3.4|39.1|3.1|0|31.6|16.9|0|0|0|-0.014|-4.4|-4|-8.4|-0.1
"Jarnell Stokes"|"PF"|21|"MEM"|19|126|18.6|0.578|0|0.757|14.6|16.3|15.4|5.2|2.1|3.3|12.4|20.5|0.3|0.2|0.5|0.186|-0.2|0.7|0.5|0.1
"Rodney Stuckey"|"PG"|28|"IND"|71|1874|15.4|0.528|0.187|0.286|2.1|12.4|7.3|20.2|1.5|0.4|12.2|23.4|1.9|2.2|4|0.103|0.2|-0.3|-0.1|0.9
"Jared Sullinger"|"PF"|22|"BOS"|58|1566|17.9|0.503|0.26|0.182|10.1|20.9|15.4|14.2|1.4|2.1|9.3|23.6|1.9|2.1|4|0.123|1|1|2|1.6
"Jeffery Taylor"|"SF"|25|"CHO"|29|430|8.2|0.481|0.316|0.36|3.5|10.3|6.8|8.2|1.4|0.2|12.6|16|-0.1|0.4|0.3|0.034|-3.3|-0.6|-4|-0.2
"Jeff Teague"|"PG"|26|"ATL"|73|2228|20.6|0.566|0.233|0.36|1.6|7.7|4.7|37.9|2.9|1.2|16.6|25.3|5|2.8|7.7|0.166|2.5|-0.7|1.8|2.1
"Mirza Teletovic"|"PF"|29|"BRK"|40|892|10.7|0.5|0.605|0.144|3.4|20.9|12.2|8.1|0.8|1.4|13.5|20.1|-0.3|0.8|0.5|0.026|-1.4|-1.1|-2.6|-0.1
"Sebastian Telfair"|"PG"|29|"OKC"|16|327|11.4|0.479|0.48|0.272|0.7|9|4.9|20.8|1.5|0|11.4|20.8|0.2|0.2|0.4|0.063|-0.5|-2.9|-3.4|-0.1
"Garrett Temple"|"SG"|28|"WAS"|52|735|10.9|0.534|0.518|0.282|3.8|9.9|6.9|11|2.9|1|15.1|13.9|0.4|1.1|1.5|0.1|-0.6|1.4|0.8|0.5
"Jason Terry"|"SG"|37|"HOU"|77|1641|11.4|0.579|0.724|0.108|1|7.1|4.1|13.8|2|0.9|13.7|14.3|2|1.5|3.6|0.104|0.3|-0.7|-0.4|0.7
"Malcolm Thomas"|"PF"|26|"PHI"|17|194|8.2|0.492|0.175|0.325|8.5|23.5|15.6|6|0.8|0.4|22.1|13.2|-0.1|0.2|0.1|0.023|-6.4|-1|-7.4|-0.3
"Tyrus Thomas"|"PF"|28|"MEM"|2|7|31.4|1.064|0|2|0|0|0|22.5|0|0|0|12.3|0.1|0|0.1|0.477|6.8|-8.5|-1.6|0
"Hollis Thompson"|"SG"|23|"PHI"|71|1776|10.9|0.538|0.529|0.164|3.1|9.3|6|8.4|1.6|1.2|10.2|15.9|1.3|1.3|2.6|0.07|-1.1|-0.9|-2.1|0
"Jason Thompson"|"PF"|28|"SAC"|81|1991|10.2|0.5|0.002|0.334|8.2|21.5|15.1|6.5|0.8|2.3|14.6|12.7|0.9|1.5|2.4|0.057|-2.6|0.9|-1.7|0.1
"Klay Thompson"|"SG"|24|"GSW"|77|2455|20.8|0.591|0.42|0.197|1.2|9.4|5.4|14.6|1.7|1.8|9.5|27.6|5.7|3.1|8.8|0.172|3.6|-1|2.7|2.9
"Tristan Thompson"|"PF"|23|"CLE"|82|2194|15.6|0.58|0|0.508|14.5|19.7|17.2|2.7|0.8|2.2|12.2|14|4.7|2.1|6.8|0.148|-0.3|-0.3|-0.6|0.8
"P.J. Tucker"|"SF"|29|"PHO"|78|2383|12.5|0.541|0.423|0.24|5.2|18|11.5|7.4|2.2|0.7|12.7|13.9|2.2|2.7|4.9|0.098|-0.2|1.4|1.2|1.9
"Ronny Turiaf"|"C"|32|"MIN"|2|19|4.3|NA|NA|NA|0|6.2|3|14|0|0|NA|0|0|0|0|0.009|-5.6|-2.1|-7.7|0
"Hedo Turkoglu"|"SF"|35|"LAC"|62|705|10.5|0.602|0.739|0.059|0.8|14.7|7.9|7.5|1.4|0.8|13.1|14.2|0.6|0.6|1.2|0.081|-0.1|-0.8|-0.9|0.2
"Evan Turner"|"SG"|26|"BOS"|82|2260|12.8|0.482|0.16|0.189|1.9|18.5|10.1|30|1.8|0.7|19.7|19.5|-0.3|2.8|2.5|0.054|-2.2|1.3|-1|0.6
"Ekpe Udoh"|"PF"|27|"LAC"|33|128|11.6|0.519|0|0.375|6.3|16.4|11.4|8.5|3.2|4.5|20|12.3|0|0.2|0.3|0.101|-3.4|4.2|0.7|0.1
"Beno Udrih"|"PG"|32|"MEM"|79|1494|15.4|0.55|0.192|0.202|1.5|9.4|5.5|24|1.6|0.4|13.9|19.6|2|1.6|3.6|0.115|0.2|-1|-0.8|0.5
"Jonas Valanciunas"|"C"|22|"TOR"|80|2096|20.6|0.623|0.002|0.423|11.8|26.3|19.1|3.1|0.8|3.6|12.4|19.1|5.8|2.4|8.2|0.189|0.1|-0.6|-0.5|0.8
"Anderson Varejao"|"C"|32|"CLE"|26|636|17.7|0.58|0.01|0.225|10.4|20.1|15.3|9.1|1.6|2|13.7|18.1|1.2|0.7|1.9|0.145|0|1|0.9|0.5
"Greivis Vasquez"|"PG"|28|"TOR"|82|1991|12.6|0.514|0.484|0.091|1.3|11.2|6.3|23.9|1.2|0.4|13.6|19.8|1.9|0.9|2.8|0.066|1|-2.1|-1.1|0.4
"Charlie Villanueva"|"PF"|30|"DAL"|64|678|17.4|0.534|0.61|0.097|4.8|19.3|12.1|4.7|1.1|2.6|6.9|26.7|0.6|0.7|1.4|0.096|1.2|-3.1|-1.8|0
"Noah Vonleh"|"PF"|19|"CHO"|25|259|13.2|0.475|0.171|0.342|11.6|25.3|18.3|2.5|0.8|2.7|11.2|17.3|0.1|0.4|0.5|0.085|-4.8|-0.9|-5.6|-0.2
"Nikola Vucevic"|"C"|24|"ORL"|74|2529|21.5|0.548|0.005|0.181|10.4|26|18.1|11|1.1|1.7|10.2|26|4.5|2.5|7|0.133|0.7|-0.1|0.5|1.6
"Dwyane Wade"|"SG"|33|"MIA"|62|1971|21.4|0.534|0.094|0.341|3.6|9.6|6.7|32.1|2|0.9|14.4|34.7|2.1|1.4|3.5|0.086|2.4|-1.2|1.2|1.6
"Henry Walker"|"SF"|27|"MIA"|24|628|8|0.497|0.786|0.107|1.4|14|7.8|7.2|2|1.2|12|15|-0.1|0.6|0.5|0.039|-0.9|-0.1|-1|0.2
"Kemba Walker"|"PG"|24|"CHO"|62|2119|17.6|0.486|0.285|0.288|1.8|9.9|5.7|27.1|2.2|1.2|8.3|25.9|1.8|2.6|4.5|0.101|2.2|0.1|2.2|2.3
"John Wall"|"PG"|24|"WAS"|79|2837|19.9|0.523|0.186|0.31|1.5|12.8|7.3|46.3|2.5|1.3|18.7|26.1|3.6|4.2|7.8|0.132|2.4|1.1|3.5|3.9
"Gerald Wallace"|"SF"|32|"BOS"|32|286|6.2|0.431|0.088|0.441|6.4|15.5|10.9|5.1|2.6|1.1|30.7|9|-0.3|0.4|0.1|0.014|-5.8|2.6|-3.2|-0.1
"T.J. Warren"|"SF"|21|"PHO"|40|614|14|0.551|0.098|0.089|7.3|7.9|7.6|6.6|1.5|1.1|10.8|17.8|0.7|0.4|1.1|0.085|-1|-1.1|-2.1|0
"C.J. Watson"|"PG"|30|"IND"|57|1422|15.4|0.581|0.42|0.4|1.4|11.2|6.3|23.3|2.1|0.5|16.9|18.8|2.2|1.8|4|0.135|1.4|0.1|1.5|1.3
"David Wear"|"PF"|24|"SAC"|2|7|2.4|0|0.5|0|33.6|0|16.2|18.8|0|0|0|12.6|0|0|0|-0.11|-0.3|-2.7|-3|0
"Travis Wear"|"SF"|24|"NYK"|51|672|8.5|0.451|0.144|0.124|5.2|13.3|9.1|9.9|1.2|1.4|13.7|17.5|-0.5|0.2|-0.3|-0.02|-4.5|-1.6|-6.1|-0.7
"Martell Webster"|"SF"|28|"WAS"|32|352|5.9|0.445|0.473|0.703|3.3|11.3|7.4|6.7|1|0.2|15.6|18.2|-0.3|0.3|0|0|-4.4|-1.6|-6.1|-0.4
"David West"|"PF"|34|"IND"|66|1895|16|0.508|0.029|0.235|6.4|19.7|13.1|20.1|1.3|2|13.7|21|1.4|2.8|4.3|0.108|-0.7|2.4|1.7|1.8
"Russell Westbrook"|"PG"|26|"OKC"|67|2302|29.1|0.536|0.196|0.445|5.9|16.7|11.4|47|3|0.5|14.3|38.4|7.5|3.2|10.6|0.222|8.8|2.2|11|7.6
"Hassan Whiteside"|"C"|25|"MIA"|48|1142|26.2|0.619|0|0.403|15.6|34.7|25.4|1|1.2|9.2|11.3|21.1|2.8|2.4|5.3|0.221|-1.6|0.7|-0.9|0.3
"Shayne Whittington"|"PF"|23|"IND"|20|108|20|0.547|0.143|0.548|10.3|19.3|14.8|9.6|2.4|1.5|8.8|23.9|0.3|0.2|0.4|0.2|0.5|0|0.5|0.1
"Andrew Wiggins"|"SG"|19|"MIN"|82|2969|13.9|0.517|0.111|0.41|5|9.5|7.2|9.8|1.5|1.3|11.7|22.6|2.1|0|2.1|0.034|-0.5|-1.8|-2.3|-0.2
"C.J. Wilcox"|"SG"|24|"LAC"|21|101|8.5|0.527|0.5|0.053|1.1|6.5|3.9|12|1.5|0.8|20.5|21.8|-0.1|0.1|0|-0.024|-3.3|-2.7|-6|-0.1
"Deron Williams"|"PG"|30|"BRK"|68|2114|15.7|0.504|0.307|0.313|1.5|11|6.3|33.7|1.6|0.6|14.9|22.3|2.3|1.3|3.6|0.083|1.3|-1.2|0.1|1.1
"Derrick Williams"|"PF"|23|"SAC"|74|1462|12.8|0.54|0.322|0.404|3.3|12.1|7.8|5.6|1.2|0.2|8.9|18.9|1.7|0.4|2.1|0.069|-0.5|-2.7|-3.2|-0.5
"Lou Williams"|"SG"|28|"TOR"|80|2016|19.9|0.564|0.482|0.426|1.4|7.3|4.3|13.6|2.3|0.4|8.4|27|5.4|1.1|6.6|0.157|4|-3.1|0.9|1.5
"Marvin Williams"|"PF"|28|"CHO"|78|2035|11.8|0.541|0.535|0.176|3.1|18.2|10.4|7.8|1.8|1.4|10.1|13.3|1.5|2.9|4.3|0.102|-0.8|1.8|1|1.5
"Reggie Williams"|"SF"|28|"SAS"|20|105|10.5|0.454|0.487|0.103|5.5|12.7|9.2|14.4|0.5|0|4.7|18.5|0.1|0.1|0.2|0.083|-0.5|-2.2|-2.7|0
"Jeff Withey"|"C"|24|"NOP"|37|259|17.6|0.57|0|0.781|10.1|17.9|14|6.4|0.8|5.3|12.2|17.3|0.5|0.3|0.8|0.149|-1.6|0.6|-1|0.1
"Dorell Wright"|"SF"|29|"POR"|48|592|13.4|0.525|0.568|0.221|2.6|17.2|10|10.2|1.7|1.3|7.9|17.1|0.7|0.8|1.6|0.128|0.1|0.6|0.7|0.4
"Tony Wroten"|"SG"|21|"PHI"|30|895|14.9|0.494|0.327|0.415|2.5|8.1|5.2|34.9|2.7|0.7|18|30.5|-0.6|0.9|0.3|0.014|0.3|-1.8|-1.5|0.1
"James Young"|"SG"|19|"BOS"|31|332|8.5|0.457|0.647|0.284|2.9|11|6.9|5.6|1.2|0.5|4.2|15.8|0.1|0.3|0.3|0.047|-1.9|-1.9|-3.8|-0.2
"Nick Young"|"SG"|29|"LAL"|42|1000|14.2|0.52|0.473|0.311|1.8|9.1|5.3|6.9|1.2|0.9|7.5|26|1.1|0.1|1.2|0.058|0.9|-4.3|-3.5|-0.4
"Cody Zeller"|"C"|22|"CHO"|62|1487|14.1|0.53|0.003|0.44|7|20.1|13.4|10.9|1.2|2.6|12.2|15.6|1.6|2.2|3.8|0.123|-2.1|2.5|0.4|0.9
"Tyler Zeller"|"C"|25|"BOS"|82|1731|18.9|0.594|0|0.3|9.1|20.5|14.7|10.8|0.5|2.3|9.8|19.6|4.5|2|6.5|0.179|0.4|0.4|0.9|1.2
